"","Year","Age","mx","qx","ax","lx","dx","Lx","Tx","ex"
"1","1950","0","0.07559","0.07166","0.27","100000","7166","94803","6194950","61.95"
"2","1950","1","0.00509","0.00507","0.50","92834","471","92598","6100147","65.71"
"3","1950","2","0.00256","0.00256","0.50","92363","236","92245","6007549","65.04"
"4","1950","3","0.00177","0.00177","0.50","92127","163","92045","5915304","64.21"
"5","1950","4","0.00155","0.00155","0.50","91963","143","91892","5823259","63.32"
"6","1950","5","0.00082","0.00082","0.50","91821","76","91783","5731367","62.42"
"7","1950","6","0.00099","0.00099","0.50","91745","91","91699","5639585","61.47"
"8","1950","7","0.00097","0.00097","0.50","91654","89","91609","5547885","60.53"
"9","1950","8","0.00083","0.00083","0.50","91565","76","91527","5456276","59.59"
"10","1950","9","0.00076","0.00076","0.50","91489","70","91454","5364749","58.64"
"11","1950","10","0.00092","0.00092","0.50","91419","84","91377","5273295","57.68"
"12","1950","11","0.00100","0.00099","0.50","91334","91","91289","5181918","56.74"
"13","1950","12","0.00076","0.00076","0.50","91244","69","91209","5090629","55.79"
"14","1950","13","0.00102","0.00102","0.50","91175","93","91128","4999420","54.83"
"15","1950","14","0.00113","0.00113","0.50","91082","103","91031","4908292","53.89"
"16","1950","15","0.00111","0.00111","0.50","90979","101","90929","4817262","52.95"
"17","1950","16","0.00145","0.00145","0.50","90878","132","90812","4726333","52.01"
"18","1950","17","0.00159","0.00158","0.50","90746","144","90674","4635521","51.08"
"19","1950","18","0.00198","0.00197","0.50","90603","179","90513","4544846","50.16"
"20","1950","19","0.00235","0.00235","0.50","90424","212","90317","4454333","49.26"
"21","1950","20","0.00230","0.00229","0.50","90211","207","90108","4364016","48.38"
"22","1950","21","0.00257","0.00256","0.50","90004","231","89889","4273908","47.49"
"23","1950","22","0.00189","0.00189","0.50","89774","169","89689","4184019","46.61"
"24","1950","23","0.00227","0.00226","0.50","89604","203","89503","4094330","45.69"
"25","1950","24","0.00218","0.00218","0.50","89401","195","89304","4004827","44.80"
"26","1950","25","0.00238","0.00238","0.50","89206","212","89100","3915523","43.89"
"27","1950","26","0.00265","0.00264","0.50","88994","235","88877","3826423","43.00"
"28","1950","27","0.00271","0.00271","0.50","88759","241","88639","3737546","42.11"
"29","1950","28","0.00272","0.00271","0.50","88519","240","88398","3648907","41.22"
"30","1950","29","0.00269","0.00268","0.50","88278","237","88160","3560509","40.33"
"31","1950","30","0.00239","0.00239","0.50","88042","210","87937","3472349","39.44"
"32","1950","31","0.00267","0.00266","0.50","87831","234","87715","3384412","38.53"
"33","1950","32","0.00261","0.00261","0.50","87598","229","87483","3296698","37.63"
"34","1950","33","0.00279","0.00279","0.50","87369","243","87247","3209214","36.73"
"35","1950","34","0.00308","0.00307","0.50","87126","268","86992","3121967","35.83"
"36","1950","35","0.00335","0.00334","0.50","86858","290","86713","3034975","34.94"
"37","1950","36","0.00296","0.00296","0.50","86568","256","86440","2948262","34.06"
"38","1950","37","0.00320","0.00320","0.50","86312","276","86174","2861823","33.16"
"39","1950","38","0.00309","0.00309","0.50","86036","266","85903","2775649","32.26"
"40","1950","39","0.00354","0.00353","0.50","85770","303","85619","2689746","31.36"
"41","1950","40","0.00414","0.00413","0.50","85467","353","85290","2604128","30.47"
"42","1950","41","0.00419","0.00418","0.50","85114","356","84936","2518837","29.59"
"43","1950","42","0.00483","0.00482","0.50","84758","408","84553","2433902","28.72"
"44","1950","43","0.00532","0.00530","0.50","84349","447","84126","2349348","27.85"
"45","1950","44","0.00553","0.00551","0.50","83902","463","83671","2265223","27.00"
"46","1950","45","0.00595","0.00593","0.50","83439","495","83192","2181552","26.15"
"47","1950","46","0.00623","0.00621","0.50","82945","515","82687","2098360","25.30"
"48","1950","47","0.00700","0.00697","0.50","82430","575","82142","2015672","24.45"
"49","1950","48","0.00765","0.00762","0.50","81855","624","81543","1933530","23.62"
"50","1950","49","0.00895","0.00891","0.50","81231","724","80869","1851987","22.80"
"51","1950","50","0.01032","0.01027","0.50","80507","826","80094","1771118","22.00"
"52","1950","51","0.01042","0.01037","0.50","79681","826","79268","1691024","21.22"
"53","1950","52","0.01202","0.01195","0.50","78855","942","78384","1611756","20.44"
"54","1950","53","0.01374","0.01365","0.50","77913","1063","77381","1533372","19.68"
"55","1950","54","0.01474","0.01463","0.50","76849","1124","76287","1455991","18.95"
"56","1950","55","0.01655","0.01642","0.50","75725","1243","75103","1379704","18.22"
"57","1950","56","0.01770","0.01754","0.50","74482","1307","73829","1304601","17.52"
"58","1950","57","0.01809","0.01793","0.50","73175","1312","72519","1230772","16.82"
"59","1950","58","0.02018","0.01998","0.50","71864","1436","71146","1158253","16.12"
"60","1950","59","0.02205","0.02181","0.50","70428","1536","69660","1087107","15.44"
"61","1950","60","0.02581","0.02548","0.50","68892","1755","68015","1017447","14.77"
"62","1950","61","0.02767","0.02729","0.50","67137","1832","66221","949433","14.14"
"63","1950","62","0.02932","0.02889","0.50","65305","1887","64361","883212","13.52"
"64","1950","63","0.03337","0.03282","0.50","63418","2081","62377","818850","12.91"
"65","1950","64","0.03394","0.03338","0.50","61337","2047","60313","756473","12.33"
"66","1950","65","0.03815","0.03744","0.50","59289","2220","58180","696160","11.74"
"67","1950","66","0.04131","0.04048","0.50","57070","2310","55915","637980","11.18"
"68","1950","67","0.04363","0.04270","0.50","54760","2338","53591","582066","10.63"
"69","1950","68","0.05076","0.04951","0.50","52421","2595","51124","528475","10.08"
"70","1950","69","0.04981","0.04860","0.50","49826","2422","48615","477351","9.58"
"71","1950","70","0.05826","0.05661","0.50","47405","2684","46063","428736","9.04"
"72","1950","71","0.06625","0.06413","0.50","44721","2868","43287","382673","8.56"
"73","1950","72","0.07019","0.06781","0.50","41853","2838","40434","339386","8.11"
"74","1950","73","0.07422","0.07157","0.50","39015","2792","37619","298952","7.66"
"75","1950","74","0.08761","0.08393","0.50","36223","3040","34703","261333","7.21"
"76","1950","75","0.09037","0.08646","0.50","33183","2869","31748","226631","6.83"
"77","1950","76","0.10033","0.09554","0.50","30314","2896","28866","194883","6.43"
"78","1950","77","0.10452","0.09933","0.50","27418","2723","26056","166017","6.06"
"79","1950","78","0.11036","0.10458","0.50","24694","2583","23403","139961","5.67"
"80","1950","79","0.12917","0.12133","0.50","22112","2683","20770","116558","5.27"
"81","1950","80","0.14503","0.13523","0.50","19429","2627","18115","95788","4.93"
"82","1950","81","0.14657","0.13656","0.50","16801","2294","15654","77673","4.62"
"83","1950","82","0.17747","0.16300","0.50","14507","2365","13325","62019","4.28"
"84","1950","83","0.19080","0.17418","0.50","12142","2115","11085","48694","4.01"
"85","1950","84","0.21930","0.19763","0.50","10027","1982","9036","37610","3.75"
"86","1950","85","0.21255","0.19213","0.50","8046","1546","7273","28573","3.55"
"87","1950","86","0.25942","0.22964","0.50","6500","1493","5754","21300","3.28"
"88","1950","87","0.27410","0.24106","0.50","5007","1207","4404","15547","3.10"
"89","1950","88","0.26966","0.23762","0.50","3800","903","3349","11143","2.93"
"90","1950","89","0.33583","0.28755","0.50","2897","833","2481","7794","2.69"
"91","1950","90","0.31445","0.27173","0.50","2064","561","1784","5314","2.57"
"92","1950","91","0.38496","0.32283","0.50","1503","485","1261","3530","2.35"
"93","1950","92","0.41801","0.34574","0.50","1018","352","842","2269","2.23"
"94","1950","93","0.42504","0.35054","0.50","666","233","549","1427","2.14"
"95","1950","94","0.45339","0.36960","0.50","433","160","353","878","2.03"
"96","1950","95","0.48205","0.38843","0.50","273","106","220","526","1.93"
"97","1950","96","0.51083","0.40690","0.50","167","68","133","306","1.83"
"98","1950","97","0.53954","0.42491","0.50","99","42","78","173","1.75"
"99","1950","98","0.56799","0.44236","0.50","57","25","44","95","1.67"
"100","1950","99","0.59599","0.45916","0.50","32","15","24","51","1.60"
"101","1950","100","0.62339","0.47525","0.50","17","8","13","26","1.54"
"102","1950","101","0.65001","0.49057","0.50","9","4","7","13","1.49"
"103","1950","102","0.67574","0.50509","0.50","5","2","3","7","1.44"
"104","1950","103","0.70044","0.51876","0.50","2","1","2","3","1.39"
"105","1950","104","0.72403","0.53159","0.50","1","1","1","1","1.35"
"106","1950","105","0.74644","0.54357","0.50","1","0","0","1","1.31"
"107","1950","106","0.76761","0.55471","0.50","0","0","0","0","1.28"
"108","1950","107","0.78752","0.56503","0.50","0","0","0","0","1.25"
"109","1950","108","0.80615","0.57456","0.50","0","0","0","0","1.23"
"110","1950","109","0.82351","0.58332","0.50","0","0","0","0","1.20"
"111","1950","110+","0.83963","1.00000","1.19","0","0","0","0","1.19"
"112","1951","0","0.06532","0.06224","0.24","100000","6224","95278","6276523","62.77"
"113","1951","1","0.00541","0.00540","0.50","93776","506","93523","6181245","65.91"
"114","1951","2","0.00244","0.00244","0.50","93270","228","93156","6087722","65.27"
"115","1951","3","0.00165","0.00165","0.50","93042","153","92965","5994566","64.43"
"116","1951","4","0.00128","0.00127","0.50","92889","118","92829","5901601","63.53"
"117","1951","5","0.00087","0.00087","0.50","92770","80","92730","5808772","62.61"
"118","1951","6","0.00085","0.00085","0.50","92690","79","92651","5716042","61.67"
"119","1951","7","0.00092","0.00092","0.50","92611","85","92569","5623391","60.72"
"120","1951","8","0.00086","0.00086","0.50","92526","80","92487","5530822","59.78"
"121","1951","9","0.00083","0.00083","0.50","92447","77","92408","5438336","58.83"
"122","1951","10","0.00067","0.00067","0.50","92370","62","92339","5345927","57.88"
"123","1951","11","0.00084","0.00084","0.50","92308","78","92269","5253589","56.91"
"124","1951","12","0.00059","0.00059","0.50","92230","55","92203","5161320","55.96"
"125","1951","13","0.00072","0.00072","0.50","92175","66","92142","5069117","54.99"
"126","1951","14","0.00120","0.00120","0.50","92109","110","92054","4976975","54.03"
"127","1951","15","0.00088","0.00088","0.50","91999","81","91958","4884921","53.10"
"128","1951","16","0.00129","0.00129","0.50","91917","118","91858","4792963","52.14"
"129","1951","17","0.00160","0.00160","0.50","91799","147","91726","4701105","51.21"
"130","1951","18","0.00175","0.00174","0.50","91652","160","91572","4609379","50.29"
"131","1951","19","0.00192","0.00192","0.50","91492","175","91405","4517807","49.38"
"132","1951","20","0.00216","0.00215","0.50","91317","197","91218","4426402","48.47"
"133","1951","21","0.00193","0.00193","0.50","91120","175","91032","4335184","47.58"
"134","1951","22","0.00219","0.00219","0.50","90945","199","90845","4244151","46.67"
"135","1951","23","0.00236","0.00236","0.50","90746","214","90639","4153306","45.77"
"136","1951","24","0.00221","0.00220","0.50","90532","199","90432","4062667","44.88"
"137","1951","25","0.00226","0.00225","0.50","90332","204","90231","3972235","43.97"
"138","1951","26","0.00206","0.00206","0.50","90129","186","90036","3882005","43.07"
"139","1951","27","0.00229","0.00228","0.50","89943","205","89840","3791969","42.16"
"140","1951","28","0.00250","0.00249","0.50","89738","224","89626","3702129","41.25"
"141","1951","29","0.00205","0.00204","0.50","89514","183","89423","3612503","40.36"
"142","1951","30","0.00274","0.00274","0.50","89331","244","89209","3523080","39.44"
"143","1951","31","0.00263","0.00263","0.50","89087","234","88970","3433871","38.55"
"144","1951","32","0.00215","0.00215","0.50","88853","191","88757","3344902","37.65"
"145","1951","33","0.00302","0.00301","0.50","88661","267","88528","3256145","36.73"
"146","1951","34","0.00277","0.00277","0.50","88394","245","88272","3167617","35.84"
"147","1951","35","0.00318","0.00318","0.50","88149","280","88009","3079345","34.93"
"148","1951","36","0.00283","0.00283","0.50","87869","249","87745","2991336","34.04"
"149","1951","37","0.00282","0.00281","0.50","87620","246","87497","2903591","33.14"
"150","1951","38","0.00291","0.00291","0.50","87374","254","87247","2816094","32.23"
"151","1951","39","0.00341","0.00341","0.50","87120","297","86972","2728846","31.32"
"152","1951","40","0.00350","0.00350","0.50","86823","304","86672","2641875","30.43"
"153","1951","41","0.00419","0.00418","0.50","86520","362","86339","2555203","29.53"
"154","1951","42","0.00447","0.00446","0.50","86158","385","85966","2468864","28.66"
"155","1951","43","0.00458","0.00457","0.50","85773","392","85577","2382898","27.78"
"156","1951","44","0.00535","0.00534","0.50","85381","456","85154","2297321","26.91"
"157","1951","45","0.00554","0.00552","0.50","84926","469","84691","2212167","26.05"
"158","1951","46","0.00623","0.00621","0.50","84457","524","84195","2127476","25.19"
"159","1951","47","0.00677","0.00675","0.50","83933","566","83649","2043281","24.34"
"160","1951","48","0.00837","0.00834","0.50","83366","695","83019","1959632","23.51"
"161","1951","49","0.00920","0.00916","0.50","82671","757","82292","1876613","22.70"
"162","1951","50","0.01005","0.01000","0.50","81914","819","81504","1794321","21.90"
"163","1951","51","0.01054","0.01048","0.50","81095","850","80670","1712817","21.12"
"164","1951","52","0.01250","0.01243","0.50","80245","997","79746","1632147","20.34"
"165","1951","53","0.01372","0.01363","0.50","79248","1080","78708","1552401","19.59"
"166","1951","54","0.01475","0.01464","0.50","78168","1144","77595","1473693","18.85"
"167","1951","55","0.01744","0.01729","0.50","77023","1332","76357","1396098","18.13"
"168","1951","56","0.01737","0.01722","0.50","75691","1303","75040","1319741","17.44"
"169","1951","57","0.01866","0.01849","0.50","74388","1375","73700","1244701","16.73"
"170","1951","58","0.02027","0.02007","0.50","73013","1465","72280","1171001","16.04"
"171","1951","59","0.02341","0.02314","0.50","71548","1655","70720","1098721","15.36"
"172","1951","60","0.02579","0.02547","0.50","69892","1780","69002","1028001","14.71"
"173","1951","61","0.02829","0.02789","0.50","68112","1900","67162","958999","14.08"
"174","1951","62","0.02885","0.02844","0.50","66213","1883","65271","891836","13.47"
"175","1951","63","0.03205","0.03155","0.50","64329","2029","63315","826565","12.85"
"176","1951","64","0.03629","0.03565","0.50","62300","2221","61190","763250","12.25"
"177","1951","65","0.03815","0.03743","0.50","60079","2249","58955","702061","11.69"
"178","1951","66","0.04244","0.04155","0.50","57830","2403","56629","643106","11.12"
"179","1951","67","0.04469","0.04372","0.50","55427","2423","54216","586478","10.58"
"180","1951","68","0.04787","0.04675","0.50","53004","2478","51765","532262","10.04"
"181","1951","69","0.05238","0.05104","0.50","50526","2579","49236","480497","9.51"
"182","1951","70","0.05761","0.05599","0.50","47947","2685","46605","431261","8.99"
"183","1951","71","0.06301","0.06108","0.50","45262","2765","43880","384656","8.50"
"184","1951","72","0.07213","0.06962","0.50","42498","2959","41018","340776","8.02"
"185","1951","73","0.07734","0.07446","0.50","39539","2944","38067","299758","7.58"
"186","1951","74","0.08047","0.07736","0.50","36595","2831","35179","261691","7.15"
"187","1951","75","0.09362","0.08943","0.50","33764","3020","32254","226511","6.71"
"188","1951","76","0.09713","0.09263","0.50","30744","2848","29321","194257","6.32"
"189","1951","77","0.10817","0.10262","0.50","27897","2863","26465","164937","5.91"
"190","1951","78","0.12112","0.11420","0.50","25034","2859","23604","138471","5.53"
"191","1951","79","0.13144","0.12333","0.50","22175","2735","20807","114867","5.18"
"192","1951","80","0.14100","0.13171","0.50","19440","2560","18160","94060","4.84"
"193","1951","81","0.16035","0.14845","0.50","16879","2506","15627","75900","4.50"
"194","1951","82","0.17597","0.16174","0.50","14374","2325","13211","60274","4.19"
"195","1951","83","0.20186","0.18336","0.50","12049","2209","10944","47062","3.91"
"196","1951","84","0.21251","0.19210","0.50","9840","1890","8895","36118","3.67"
"197","1951","85","0.24359","0.21714","0.50","7950","1726","7086","27223","3.42"
"198","1951","86","0.24183","0.21574","0.50","6223","1343","5552","20137","3.24"
"199","1951","87","0.27548","0.24213","0.50","4881","1182","4290","14585","2.99"
"200","1951","88","0.32322","0.27825","0.50","3699","1029","3184","10295","2.78"
"201","1951","89","0.34142","0.29163","0.50","2670","779","2280","7111","2.66"
"202","1951","90","0.34930","0.29737","0.50","1891","562","1610","4830","2.55"
"203","1951","91","0.33999","0.29059","0.50","1329","386","1136","3220","2.42"
"204","1951","92","0.40874","0.33938","0.50","943","320","783","2085","2.21"
"205","1951","93","0.43731","0.35884","0.50","623","223","511","1302","2.09"
"206","1951","94","0.46630","0.37814","0.50","399","151","324","791","1.98"
"207","1951","95","0.49552","0.39713","0.50","248","99","199","467","1.88"
"208","1951","96","0.52477","0.41570","0.50","150","62","119","268","1.79"
"209","1951","97","0.55386","0.43374","0.50","87","38","68","150","1.71"
"210","1951","98","0.58258","0.45116","0.50","50","22","38","81","1.64"
"211","1951","99","0.61075","0.46787","0.50","27","13","21","43","1.57"
"212","1951","100","0.63820","0.48381","0.50","14","7","11","22","1.51"
"213","1951","101","0.66477","0.49894","0.50","7","4","6","11","1.46"
"214","1951","102","0.69035","0.51320","0.50","4","2","3","5","1.41"
"215","1951","103","0.71480","0.52660","0.50","2","1","1","2","1.36"
"216","1951","104","0.73806","0.53911","0.50","1","0","1","1","1.33"
"217","1951","105","0.76006","0.55076","0.50","0","0","0","1","1.29"
"218","1951","106","0.78076","0.56155","0.50","0","0","0","0","1.26"
"219","1951","107","0.80015","0.57150","0.50","0","0","0","0","1.23"
"220","1951","108","0.81821","0.58066","0.50","0","0","0","0","1.21"
"221","1951","109","0.83499","0.58906","0.50","0","0","0","0","1.19"
"222","1951","110+","0.85049","1.00000","1.18","0","0","0","0","1.18"
"223","1952","0","0.05172","0.04966","0.20","100000","4966","96012","6442088","64.42"
"224","1952","1","0.00399","0.00398","0.50","95034","378","94845","6346076","66.78"
"225","1952","2","0.00198","0.00198","0.50","94656","187","94562","6251231","66.04"
"226","1952","3","0.00131","0.00131","0.50","94469","124","94407","6156669","65.17"
"227","1952","4","0.00097","0.00097","0.50","94344","91","94299","6062263","64.26"
"228","1952","5","0.00090","0.00090","0.50","94253","85","94211","5967964","63.32"
"229","1952","6","0.00104","0.00104","0.50","94168","98","94119","5873753","62.38"
"230","1952","7","0.00075","0.00075","0.50","94070","70","94035","5779634","61.44"
"231","1952","8","0.00050","0.00050","0.50","93999","47","93976","5685600","60.49"
"232","1952","9","0.00070","0.00070","0.50","93953","66","93920","5591624","59.52"
"233","1952","10","0.00072","0.00072","0.50","93887","67","93854","5497704","58.56"
"234","1952","11","0.00043","0.00043","0.50","93820","40","93800","5403850","57.60"
"235","1952","12","0.00074","0.00074","0.50","93780","70","93745","5310050","56.62"
"236","1952","13","0.00070","0.00070","0.50","93710","65","93678","5216305","55.66"
"237","1952","14","0.00068","0.00068","0.50","93645","64","93613","5122627","54.70"
"238","1952","15","0.00074","0.00074","0.50","93581","69","93547","5029014","53.74"
"239","1952","16","0.00118","0.00118","0.50","93513","110","93458","4935467","52.78"
"240","1952","17","0.00141","0.00141","0.50","93403","132","93337","4842010","51.84"
"241","1952","18","0.00165","0.00165","0.50","93271","154","93194","4748673","50.91"
"242","1952","19","0.00162","0.00162","0.50","93117","151","93042","4655479","50.00"
"243","1952","20","0.00147","0.00146","0.50","92966","136","92898","4562437","49.08"
"244","1952","21","0.00193","0.00193","0.50","92830","179","92741","4469539","48.15"
"245","1952","22","0.00189","0.00189","0.50","92651","175","92564","4376798","47.24"
"246","1952","23","0.00199","0.00199","0.50","92476","184","92384","4284234","46.33"
"247","1952","24","0.00181","0.00181","0.50","92292","167","92208","4191850","45.42"
"248","1952","25","0.00209","0.00209","0.50","92125","192","92029","4099642","44.50"
"249","1952","26","0.00203","0.00202","0.50","91932","186","91840","4007613","43.59"
"250","1952","27","0.00183","0.00183","0.50","91747","168","91663","3915774","42.68"
"251","1952","28","0.00221","0.00221","0.50","91579","202","91478","3824111","41.76"
"252","1952","29","0.00230","0.00230","0.50","91377","210","91272","3732633","40.85"
"253","1952","30","0.00210","0.00209","0.50","91167","191","91071","3641362","39.94"
"254","1952","31","0.00207","0.00207","0.50","90976","189","90881","3550290","39.02"
"255","1952","32","0.00221","0.00221","0.50","90787","201","90687","3459409","38.10"
"256","1952","33","0.00231","0.00231","0.50","90587","209","90482","3368722","37.19"
"257","1952","34","0.00264","0.00263","0.50","90377","238","90258","3278240","36.27"
"258","1952","35","0.00296","0.00295","0.50","90139","266","90006","3187982","35.37"
"259","1952","36","0.00276","0.00276","0.50","89873","248","89749","3097976","34.47"
"260","1952","37","0.00314","0.00313","0.50","89625","281","89485","3008227","33.56"
"261","1952","38","0.00265","0.00265","0.50","89345","237","89226","2918742","32.67"
"262","1952","39","0.00305","0.00305","0.50","89108","271","88972","2829516","31.75"
"263","1952","40","0.00350","0.00349","0.50","88836","310","88681","2740544","30.85"
"264","1952","41","0.00377","0.00376","0.50","88526","333","88360","2651862","29.96"
"265","1952","42","0.00360","0.00359","0.50","88193","317","88035","2563503","29.07"
"266","1952","43","0.00440","0.00439","0.50","87876","386","87683","2475468","28.17"
"267","1952","44","0.00487","0.00486","0.50","87490","425","87278","2387785","27.29"
"268","1952","45","0.00601","0.00599","0.50","87065","522","86804","2300507","26.42"
"269","1952","46","0.00571","0.00569","0.50","86543","493","86297","2213702","25.58"
"270","1952","47","0.00665","0.00663","0.50","86051","571","85766","2127405","24.72"
"271","1952","48","0.00731","0.00729","0.50","85480","623","85169","2041640","23.88"
"272","1952","49","0.00845","0.00842","0.50","84857","714","84500","1956471","23.06"
"273","1952","50","0.00961","0.00956","0.50","84143","804","83741","1871971","22.25"
"274","1952","51","0.01047","0.01042","0.50","83339","868","82905","1788230","21.46"
"275","1952","52","0.01214","0.01206","0.50","82471","995","81973","1705325","20.68"
"276","1952","53","0.01236","0.01229","0.50","81476","1001","80975","1623352","19.92"
"277","1952","54","0.01492","0.01481","0.50","80475","1192","79879","1542377","19.17"
"278","1952","55","0.01440","0.01430","0.50","79283","1133","78716","1462498","18.45"
"279","1952","56","0.01748","0.01733","0.50","78149","1354","77472","1383782","17.71"
"280","1952","57","0.01883","0.01865","0.50","76795","1432","76079","1306310","17.01"
"281","1952","58","0.02098","0.02076","0.50","75363","1565","74580","1230232","16.32"
"282","1952","59","0.02062","0.02041","0.50","73798","1506","73045","1155651","15.66"
"283","1952","60","0.02416","0.02387","0.50","72292","1725","71429","1082607","14.98"
"284","1952","61","0.02440","0.02411","0.50","70566","1701","69715","1011178","14.33"
"285","1952","62","0.02829","0.02790","0.50","68865","1921","67904","941463","13.67"
"286","1952","63","0.03104","0.03056","0.50","66943","2046","65920","873558","13.05"
"287","1952","64","0.03508","0.03447","0.50","64897","2237","63779","807638","12.44"
"288","1952","65","0.03738","0.03669","0.50","62660","2299","61511","743859","11.87"
"289","1952","66","0.03904","0.03830","0.50","60361","2312","59205","682349","11.30"
"290","1952","67","0.04313","0.04222","0.50","58049","2451","56824","623143","10.73"
"291","1952","68","0.04678","0.04571","0.50","55599","2542","54328","566319","10.19"
"292","1952","69","0.05265","0.05130","0.50","53057","2722","51696","511991","9.65"
"293","1952","70","0.05679","0.05522","0.50","50336","2780","48946","460295","9.14"
"294","1952","71","0.06262","0.06072","0.50","47556","2888","46112","411349","8.65"
"295","1952","72","0.06500","0.06295","0.50","44668","2812","43262","365237","8.18"
"296","1952","73","0.07331","0.07072","0.50","41856","2960","40376","321974","7.69"
"297","1952","74","0.08414","0.08074","0.50","38897","3141","37326","281598","7.24"
"298","1952","75","0.08405","0.08066","0.50","35756","2884","34314","244271","6.83"
"299","1952","76","0.09990","0.09515","0.50","32872","3128","31308","209958","6.39"
"300","1952","77","0.11088","0.10506","0.50","29744","3125","28182","178650","6.01"
"301","1952","78","0.12037","0.11354","0.50","26619","3022","25108","150468","5.65"
"302","1952","79","0.12529","0.11790","0.50","23597","2782","22206","125360","5.31"
"303","1952","80","0.13238","0.12416","0.50","20815","2584","19523","103154","4.96"
"304","1952","81","0.15321","0.14231","0.50","18230","2594","16933","83632","4.59"
"305","1952","82","0.17115","0.15766","0.50","15636","2465","14403","66699","4.27"
"306","1952","83","0.18738","0.17132","0.50","13171","2256","12043","52295","3.97"
"307","1952","84","0.21250","0.19209","0.50","10914","2096","9866","40253","3.69"
"308","1952","85","0.21693","0.19570","0.50","8818","1726","7955","30387","3.45"
"309","1952","86","0.25896","0.22927","0.50","7092","1626","6279","22432","3.16"
"310","1952","87","0.28538","0.24974","0.50","5466","1365","4784","16153","2.96"
"311","1952","88","0.29814","0.25946","0.50","4101","1064","3569","11369","2.77"
"312","1952","89","0.33788","0.28904","0.50","3037","878","2598","7800","2.57"
"313","1952","90","0.36819","0.31095","0.50","2159","671","1823","5202","2.41"
"314","1952","91","0.38069","0.31981","0.50","1488","476","1250","3379","2.27"
"315","1952","92","0.42946","0.35355","0.50","1012","358","833","2129","2.10"
"316","1952","93","0.46201","0.37531","0.50","654","246","531","1296","1.98"
"317","1952","94","0.49480","0.39666","0.50","409","162","328","765","1.87"
"318","1952","95","0.52763","0.41749","0.50","247","103","195","437","1.77"
"319","1952","96","0.56022","0.43763","0.50","144","63","112","242","1.68"
"320","1952","97","0.59230","0.45697","0.50","81","37","62","130","1.60"
"321","1952","98","0.62361","0.47538","0.50","44","21","33","67","1.53"
"322","1952","99","0.65392","0.49280","0.50","23","11","17","34","1.47"
"323","1952","100","0.68304","0.50915","0.50","12","6","9","17","1.42"
"324","1952","101","0.71078","0.52441","0.50","6","3","4","8","1.37"
"325","1952","102","0.73704","0.53857","0.50","3","1","2","4","1.32"
"326","1952","103","0.76171","0.55162","0.50","1","1","1","2","1.29"
"327","1952","104","0.78474","0.56360","0.50","1","0","0","1","1.25"
"328","1952","105","0.80611","0.57454","0.50","0","0","0","0","1.22"
"329","1952","106","0.82583","0.58449","0.50","0","0","0","0","1.19"
"330","1952","107","0.84393","0.59350","0.50","0","0","0","0","1.17"
"331","1952","108","0.86047","0.60163","0.50","0","0","0","0","1.15"
"332","1952","109","0.87552","0.60894","0.50","0","0","0","0","1.14"
"333","1952","110+","0.88915","1.00000","1.12","0","0","0","0","1.12"
"334","1953","0","0.03819","0.03700","0.15","100000","3700","96866","6512596","65.13"
"335","1953","1","0.00372","0.00371","0.50","96300","357","96122","6415730","66.62"
"336","1953","2","0.00197","0.00196","0.50","95943","188","95849","6319608","65.87"
"337","1953","3","0.00151","0.00151","0.50","95755","144","95683","6223760","65.00"
"338","1953","4","0.00111","0.00111","0.50","95611","106","95557","6128077","64.09"
"339","1953","5","0.00083","0.00083","0.50","95504","79","95465","6032520","63.16"
"340","1953","6","0.00087","0.00087","0.50","95425","83","95383","5937055","62.22"
"341","1953","7","0.00069","0.00069","0.50","95342","66","95309","5841672","61.27"
"342","1953","8","0.00054","0.00054","0.50","95276","52","95250","5746362","60.31"
"343","1953","9","0.00060","0.00060","0.50","95224","57","95196","5651112","59.35"
"344","1953","10","0.00065","0.00065","0.50","95167","61","95137","5555916","58.38"
"345","1953","11","0.00083","0.00083","0.50","95106","79","95067","5460779","57.42"
"346","1953","12","0.00070","0.00070","0.50","95027","66","94994","5365713","56.47"
"347","1953","13","0.00063","0.00063","0.50","94961","60","94931","5270719","55.50"
"348","1953","14","0.00092","0.00092","0.50","94901","87","94857","5175788","54.54"
"349","1953","15","0.00119","0.00119","0.50","94814","113","94757","5080931","53.59"
"350","1953","16","0.00097","0.00097","0.50","94701","92","94655","4986174","52.65"
"351","1953","17","0.00147","0.00147","0.50","94609","139","94539","4891520","51.70"
"352","1953","18","0.00158","0.00158","0.50","94470","150","94395","4796980","50.78"
"353","1953","19","0.00150","0.00150","0.50","94320","141","94250","4702585","49.86"
"354","1953","20","0.00185","0.00184","0.50","94179","174","94092","4608336","48.93"
"355","1953","21","0.00176","0.00176","0.50","94005","165","93923","4514244","48.02"
"356","1953","22","0.00202","0.00202","0.50","93840","190","93745","4420321","47.10"
"357","1953","23","0.00193","0.00193","0.50","93650","180","93560","4326576","46.20"
"358","1953","24","0.00208","0.00207","0.50","93470","194","93373","4233016","45.29"
"359","1953","25","0.00164","0.00163","0.50","93276","153","93200","4139643","44.38"
"360","1953","26","0.00186","0.00186","0.50","93124","173","93037","4046443","43.45"
"361","1953","27","0.00165","0.00165","0.50","92951","153","92874","3953406","42.53"
"362","1953","28","0.00182","0.00182","0.50","92798","169","92713","3860532","41.60"
"363","1953","29","0.00205","0.00205","0.50","92629","190","92534","3767819","40.68"
"364","1953","30","0.00183","0.00183","0.50","92439","169","92354","3675285","39.76"
"365","1953","31","0.00201","0.00201","0.50","92270","185","92177","3582931","38.83"
"366","1953","32","0.00210","0.00210","0.50","92084","193","91988","3490754","37.91"
"367","1953","33","0.00252","0.00251","0.50","91891","231","91776","3398766","36.99"
"368","1953","34","0.00217","0.00217","0.50","91661","199","91561","3306990","36.08"
"369","1953","35","0.00247","0.00246","0.50","91462","225","91349","3215429","35.16"
"370","1953","36","0.00237","0.00237","0.50","91236","216","91128","3124080","34.24"
"371","1953","37","0.00263","0.00263","0.50","91020","239","90901","3032952","33.32"
"372","1953","38","0.00300","0.00299","0.50","90781","272","90645","2942052","32.41"
"373","1953","39","0.00313","0.00313","0.50","90509","283","90368","2851407","31.50"
"374","1953","40","0.00304","0.00303","0.50","90226","274","90089","2761039","30.60"
"375","1953","41","0.00390","0.00389","0.50","89953","350","89778","2670950","29.69"
"376","1953","42","0.00381","0.00381","0.50","89603","341","89432","2581172","28.81"
"377","1953","43","0.00410","0.00409","0.50","89262","365","89079","2491740","27.91"
"378","1953","44","0.00473","0.00472","0.50","88897","419","88687","2402660","27.03"
"379","1953","45","0.00540","0.00538","0.50","88477","476","88239","2313973","26.15"
"380","1953","46","0.00554","0.00552","0.50","88001","486","87758","2225734","25.29"
"381","1953","47","0.00612","0.00610","0.50","87515","534","87248","2137977","24.43"
"382","1953","48","0.00736","0.00734","0.50","86981","638","86662","2050729","23.58"
"383","1953","49","0.00773","0.00770","0.50","86343","665","86010","1964067","22.75"
"384","1953","50","0.00902","0.00898","0.50","85678","769","85293","1878056","21.92"
"385","1953","51","0.01015","0.01010","0.50","84909","858","84480","1792763","21.11"
"386","1953","52","0.01263","0.01255","0.50","84051","1055","83524","1708283","20.32"
"387","1953","53","0.01317","0.01308","0.50","82996","1086","82453","1624759","19.58"
"388","1953","54","0.01375","0.01366","0.50","81910","1119","81351","1542306","18.83"
"389","1953","55","0.01498","0.01487","0.50","80791","1201","80191","1460955","18.08"
"390","1953","56","0.01642","0.01629","0.50","79590","1296","78942","1380765","17.35"
"391","1953","57","0.01853","0.01836","0.50","78294","1437","77575","1301823","16.63"
"392","1953","58","0.02093","0.02072","0.50","76856","1592","76060","1224248","15.93"
"393","1953","59","0.02246","0.02221","0.50","75264","1672","74428","1148188","15.26"
"394","1953","60","0.02566","0.02534","0.50","73592","1865","72660","1073759","14.59"
"395","1953","61","0.02688","0.02652","0.50","71728","1903","70776","1001099","13.96"
"396","1953","62","0.02817","0.02778","0.50","69825","1939","68855","930323","13.32"
"397","1953","63","0.03172","0.03123","0.50","67886","2120","66826","861468","12.69"
"398","1953","64","0.03543","0.03481","0.50","65766","2289","64621","794642","12.08"
"399","1953","65","0.03831","0.03759","0.50","63477","2386","62283","730021","11.50"
"400","1953","66","0.04106","0.04023","0.50","61090","2458","59861","667737","10.93"
"401","1953","67","0.04636","0.04531","0.50","58632","2656","57304","607876","10.37"
"402","1953","68","0.04953","0.04834","0.50","55976","2706","54623","550572","9.84"
"403","1953","69","0.05457","0.05312","0.50","53270","2830","51855","495948","9.31"
"404","1953","70","0.06108","0.05927","0.50","50440","2989","48946","444093","8.80"
"405","1953","71","0.06300","0.06108","0.50","47451","2898","46002","395147","8.33"
"406","1953","72","0.06766","0.06545","0.50","44553","2916","43095","349146","7.84"
"407","1953","73","0.07940","0.07636","0.50","41637","3180","40047","306051","7.35"
"408","1953","74","0.08724","0.08360","0.50","38457","3215","36850","266004","6.92"
"409","1953","75","0.09215","0.08809","0.50","35242","3104","33690","229154","6.50"
"410","1953","76","0.10386","0.09873","0.50","32138","3173","30552","195464","6.08"
"411","1953","77","0.11083","0.10501","0.50","28965","3042","27444","164912","5.69"
"412","1953","78","0.12944","0.12157","0.50","25923","3152","24348","137468","5.30"
"413","1953","79","0.13580","0.12717","0.50","22772","2896","21324","113121","4.97"
"414","1953","80","0.16410","0.15166","0.50","19876","3014","18369","91797","4.62"
"415","1953","81","0.16257","0.15035","0.50","16862","2535","15594","73428","4.35"
"416","1953","82","0.19232","0.17545","0.50","14327","2514","13070","57834","4.04"
"417","1953","83","0.20202","0.18349","0.50","11813","2168","10729","44764","3.79"
"418","1953","84","0.22779","0.20450","0.50","9645","1972","8659","34035","3.53"
"419","1953","85","0.25664","0.22746","0.50","7673","1745","6800","25376","3.31"
"420","1953","86","0.27320","0.24037","0.50","5928","1425","5215","18575","3.13"
"421","1953","87","0.26434","0.23348","0.50","4503","1051","3977","13360","2.97"
"422","1953","88","0.30657","0.26582","0.50","3452","917","2993","9383","2.72"
"423","1953","89","0.34061","0.29105","0.50","2534","738","2165","6390","2.52"
"424","1953","90","0.34503","0.29427","0.50","1797","529","1532","4225","2.35"
"425","1953","91","0.45569","0.37113","0.50","1268","471","1033","2693","2.12"
"426","1953","92","0.46707","0.37865","0.50","797","302","646","1660","2.08"
"427","1953","93","0.44966","0.36712","0.50","495","182","404","1014","2.05"
"428","1953","94","0.47800","0.38579","0.50","314","121","253","609","1.94"
"429","1953","95","0.50648","0.40413","0.50","193","78","154","356","1.85"
"430","1953","96","0.53491","0.42204","0.50","115","48","91","202","1.76"
"431","1953","97","0.56312","0.43940","0.50","66","29","52","112","1.69"
"432","1953","98","0.59093","0.45615","0.50","37","17","29","60","1.62"
"433","1953","99","0.61817","0.47222","0.50","20","10","15","31","1.55"
"434","1953","100","0.64469","0.48753","0.50","11","5","8","16","1.50"
"435","1953","101","0.67034","0.50206","0.50","5","3","4","8","1.45"
"436","1953","102","0.69502","0.51578","0.50","3","1","2","4","1.40"
"437","1953","103","0.71863","0.52867","0.50","1","1","1","2","1.36"
"438","1953","104","0.74109","0.54073","0.50","1","0","0","1","1.32"
"439","1953","105","0.76235","0.55196","0.50","0","0","0","0","1.29"
"440","1953","106","0.78238","0.56238","0.50","0","0","0","0","1.26"
"441","1953","107","0.80116","0.57202","0.50","0","0","0","0","1.23"
"442","1953","108","0.81869","0.58090","0.50","0","0","0","0","1.21"
"443","1953","109","0.83500","0.58907","0.50","0","0","0","0","1.19"
"444","1953","110+","0.85011","1.00000","1.18","0","0","0","0","1.18"
"445","1954","0","0.03441","0.03342","0.14","100000","3342","97128","6547450","65.47"
"446","1954","1","0.00309","0.00308","0.50","96658","298","96509","6450322","66.73"
"447","1954","2","0.00173","0.00173","0.50","96360","166","96277","6353813","65.94"
"448","1954","3","0.00127","0.00127","0.50","96194","122","96133","6257536","65.05"
"449","1954","4","0.00083","0.00083","0.50","96072","79","96032","6161404","64.13"
"450","1954","5","0.00069","0.00069","0.50","95992","66","95959","6065372","63.19"
"451","1954","6","0.00055","0.00055","0.50","95926","53","95899","5969412","62.23"
"452","1954","7","0.00054","0.00054","0.50","95873","52","95847","5873513","61.26"
"453","1954","8","0.00063","0.00063","0.50","95821","60","95791","5777666","60.30"
"454","1954","9","0.00042","0.00042","0.50","95761","40","95741","5681876","59.33"
"455","1954","10","0.00056","0.00056","0.50","95721","54","95694","5586135","58.36"
"456","1954","11","0.00052","0.00052","0.50","95667","50","95642","5490441","57.39"
"457","1954","12","0.00061","0.00061","0.50","95617","59","95588","5394799","56.42"
"458","1954","13","0.00049","0.00049","0.50","95558","46","95535","5299212","55.46"
"459","1954","14","0.00066","0.00066","0.50","95512","63","95480","5203677","54.48"
"460","1954","15","0.00068","0.00068","0.50","95449","65","95417","5108196","53.52"
"461","1954","16","0.00121","0.00121","0.50","95384","115","95327","5012779","52.55"
"462","1954","17","0.00150","0.00150","0.50","95269","143","95198","4917453","51.62"
"463","1954","18","0.00196","0.00196","0.50","95126","186","95033","4822255","50.69"
"464","1954","19","0.00162","0.00162","0.50","94940","153","94864","4727221","49.79"
"465","1954","20","0.00168","0.00168","0.50","94787","160","94707","4632358","48.87"
"466","1954","21","0.00188","0.00188","0.50","94627","178","94538","4537651","47.95"
"467","1954","22","0.00190","0.00190","0.50","94449","179","94360","4443113","47.04"
"468","1954","23","0.00169","0.00169","0.50","94270","159","94190","4348753","46.13"
"469","1954","24","0.00179","0.00179","0.50","94111","168","94027","4254562","45.21"
"470","1954","25","0.00195","0.00195","0.50","93943","183","93851","4160536","44.29"
"471","1954","26","0.00160","0.00160","0.50","93759","150","93684","4066685","43.37"
"472","1954","27","0.00150","0.00149","0.50","93609","140","93539","3973001","42.44"
"473","1954","28","0.00154","0.00153","0.50","93469","143","93397","3879462","41.51"
"474","1954","29","0.00174","0.00174","0.50","93326","162","93244","3786064","40.57"
"475","1954","30","0.00199","0.00199","0.50","93163","185","93070","3692820","39.64"
"476","1954","31","0.00177","0.00177","0.50","92978","164","92896","3599750","38.72"
"477","1954","32","0.00215","0.00215","0.50","92814","200","92714","3506854","37.78"
"478","1954","33","0.00212","0.00212","0.50","92614","196","92516","3414140","36.86"
"479","1954","34","0.00268","0.00268","0.50","92418","248","92294","3321625","35.94"
"480","1954","35","0.00226","0.00226","0.50","92170","208","92066","3229331","35.04"
"481","1954","36","0.00223","0.00223","0.50","91962","205","91859","3137265","34.11"
"482","1954","37","0.00258","0.00258","0.50","91757","237","91638","3045406","33.19"
"483","1954","38","0.00229","0.00229","0.50","91520","210","91415","2953767","32.27"
"484","1954","39","0.00282","0.00282","0.50","91311","257","91182","2862352","31.35"
"485","1954","40","0.00296","0.00295","0.50","91053","269","90919","2771170","30.43"
"486","1954","41","0.00348","0.00347","0.50","90784","315","90627","2680251","29.52"
"487","1954","42","0.00359","0.00358","0.50","90469","324","90307","2589625","28.62"
"488","1954","43","0.00428","0.00427","0.50","90145","385","89952","2499318","27.73"
"489","1954","44","0.00488","0.00487","0.50","89760","437","89541","2409365","26.84"
"490","1954","45","0.00462","0.00461","0.50","89323","412","89117","2319824","25.97"
"491","1954","46","0.00563","0.00562","0.50","88911","499","88661","2230707","25.09"
"492","1954","47","0.00628","0.00626","0.50","88412","554","88135","2142045","24.23"
"493","1954","48","0.00692","0.00689","0.50","87858","605","87555","2053910","23.38"
"494","1954","49","0.00795","0.00792","0.50","87253","691","86907","1966355","22.54"
"495","1954","50","0.00966","0.00961","0.50","86561","832","86145","1879448","21.71"
"496","1954","51","0.00994","0.00989","0.50","85729","848","85305","1793303","20.92"
"497","1954","52","0.01093","0.01087","0.50","84881","923","84420","1707998","20.12"
"498","1954","53","0.01232","0.01225","0.50","83959","1028","83444","1623578","19.34"
"499","1954","54","0.01396","0.01386","0.50","82930","1150","82355","1540133","18.57"
"500","1954","55","0.01497","0.01486","0.50","81780","1216","81173","1457778","17.83"
"501","1954","56","0.01790","0.01774","0.50","80565","1429","79850","1376605","17.09"
"502","1954","57","0.02007","0.01987","0.50","79136","1572","78349","1296755","16.39"
"503","1954","58","0.02145","0.02122","0.50","77563","1646","76740","1218406","15.71"
"504","1954","59","0.02322","0.02295","0.50","75917","1743","75046","1141666","15.04"
"505","1954","60","0.02640","0.02605","0.50","74175","1932","73208","1066620","14.38"
"506","1954","61","0.02723","0.02686","0.50","72242","1941","71272","993411","13.75"
"507","1954","62","0.03009","0.02964","0.50","70302","2084","69260","922139","13.12"
"508","1954","63","0.03228","0.03177","0.50","68218","2167","67134","852880","12.50"
"509","1954","64","0.03574","0.03511","0.50","66050","2319","64891","785746","11.90"
"510","1954","65","0.03934","0.03858","0.50","63731","2459","62502","720855","11.31"
"511","1954","66","0.04496","0.04397","0.50","61273","2694","59926","658353","10.74"
"512","1954","67","0.04809","0.04696","0.50","58579","2751","57203","598427","10.22"
"513","1954","68","0.05295","0.05159","0.50","55828","2880","54388","541224","9.69"
"514","1954","69","0.05965","0.05792","0.50","52948","3067","51414","486837","9.19"
"515","1954","70","0.06135","0.05952","0.50","49881","2969","48396","435422","8.73"
"516","1954","71","0.06822","0.06597","0.50","46912","3095","45365","387026","8.25"
"517","1954","72","0.07438","0.07171","0.50","43817","3142","42246","341661","7.80"
"518","1954","73","0.07709","0.07423","0.50","40675","3019","39165","299415","7.36"
"519","1954","74","0.08559","0.08208","0.50","37656","3091","36110","260250","6.91"
"520","1954","75","0.09658","0.09213","0.50","34565","3184","32973","224140","6.48"
"521","1954","76","0.10315","0.09809","0.50","31380","3078","29841","191167","6.09"
"522","1954","77","0.11477","0.10854","0.50","28302","3072","26766","161326","5.70"
"523","1954","78","0.12635","0.11884","0.50","25230","2998","23731","134560","5.33"
"524","1954","79","0.14177","0.13238","0.50","22232","2943","20760","110828","4.99"
"525","1954","80","0.15927","0.14752","0.50","19289","2845","17866","90068","4.67"
"526","1954","81","0.16759","0.15464","0.50","16443","2543","15172","72202","4.39"
"527","1954","82","0.18622","0.17036","0.50","13901","2368","12717","57030","4.10"
"528","1954","83","0.20211","0.18356","0.50","11532","2117","10474","44313","3.84"
"529","1954","84","0.23171","0.20765","0.50","9416","1955","8438","33839","3.59"
"530","1954","85","0.24561","0.21874","0.50","7460","1632","6644","25401","3.40"
"531","1954","86","0.25938","0.22960","0.50","5829","1338","5159","18757","3.22"
"532","1954","87","0.27843","0.24441","0.50","4490","1097","3942","13598","3.03"
"533","1954","88","0.28936","0.25278","0.50","3393","858","2964","9656","2.85"
"534","1954","89","0.34943","0.29746","0.50","2535","754","2158","6692","2.64"
"535","1954","90","0.31627","0.27309","0.50","1781","486","1538","4534","2.55"
"536","1954","91","0.41358","0.34271","0.50","1295","444","1073","2996","2.31"
"537","1954","92","0.40161","0.33445","0.50","851","285","709","1923","2.26"
"538","1954","93","0.42752","0.35223","0.50","566","199","467","1215","2.14"
"539","1954","94","0.45383","0.36990","0.50","367","136","299","748","2.04"
"540","1954","95","0.48040","0.38736","0.50","231","90","186","449","1.94"
"541","1954","96","0.50708","0.40452","0.50","142","57","113","262","1.85"
"542","1954","97","0.53372","0.42130","0.50","84","36","67","150","1.77"
"543","1954","98","0.56017","0.43761","0.50","49","21","38","83","1.70"
"544","1954","99","0.58629","0.45338","0.50","27","12","21","45","1.63"
"545","1954","100","0.61192","0.46856","0.50","15","7","11","24","1.57"
"546","1954","101","0.63696","0.48310","0.50","8","4","6","12","1.52"
"547","1954","102","0.66127","0.49696","0.50","4","2","3","6","1.47"
"548","1954","103","0.68476","0.51011","0.50","2","1","2","3","1.42"
"549","1954","104","0.70734","0.52253","0.50","1","1","1","1","1.38"
"550","1954","105","0.72894","0.53423","0.50","0","0","0","1","1.34"
"551","1954","106","0.74951","0.54520","0.50","0","0","0","0","1.31"
"552","1954","107","0.76902","0.55545","0.50","0","0","0","0","1.28"
"553","1954","108","0.78744","0.56499","0.50","0","0","0","0","1.25"
"554","1954","109","0.80476","0.57385","0.50","0","0","0","0","1.23"
"555","1954","110+","0.82100","1.00000","1.22","0","0","0","0","1.22"
"556","1955","0","0.03225","0.03138","0.13","100000","3138","97281","6632900","66.33"
"557","1955","1","0.00238","0.00237","0.50","96862","230","96747","6535619","67.47"
"558","1955","2","0.00143","0.00143","0.50","96632","138","96563","6438871","66.63"
"559","1955","3","0.00123","0.00122","0.50","96494","118","96435","6342308","65.73"
"560","1955","4","0.00091","0.00091","0.50","96376","88","96332","6245873","64.81"
"561","1955","5","0.00070","0.00070","0.50","96288","68","96254","6149541","63.87"
"562","1955","6","0.00074","0.00074","0.50","96220","71","96185","6053287","62.91"
"563","1955","7","0.00071","0.00071","0.50","96149","69","96115","5957102","61.96"
"564","1955","8","0.00063","0.00063","0.50","96081","60","96051","5860987","61.00"
"565","1955","9","0.00063","0.00063","0.50","96020","60","95990","5764936","60.04"
"566","1955","10","0.00056","0.00056","0.50","95960","53","95934","5668946","59.08"
"567","1955","11","0.00065","0.00065","0.50","95907","62","95876","5573012","58.11"
"568","1955","12","0.00054","0.00054","0.50","95845","51","95819","5477137","57.15"
"569","1955","13","0.00051","0.00051","0.50","95793","49","95769","5381318","56.18"
"570","1955","14","0.00080","0.00080","0.50","95744","77","95706","5285549","55.20"
"571","1955","15","0.00085","0.00085","0.50","95668","81","95627","5189843","54.25"
"572","1955","16","0.00080","0.00080","0.50","95586","76","95548","5094216","53.29"
"573","1955","17","0.00117","0.00117","0.50","95510","112","95454","4998668","52.34"
"574","1955","18","0.00142","0.00142","0.50","95398","136","95330","4903214","51.40"
"575","1955","19","0.00144","0.00144","0.50","95263","137","95194","4807884","50.47"
"576","1955","20","0.00146","0.00146","0.50","95125","139","95056","4712690","49.54"
"577","1955","21","0.00155","0.00155","0.50","94987","147","94913","4617634","48.61"
"578","1955","22","0.00177","0.00177","0.50","94839","168","94755","4522721","47.69"
"579","1955","23","0.00184","0.00184","0.50","94671","174","94584","4427966","46.77"
"580","1955","24","0.00158","0.00158","0.50","94497","149","94423","4333382","45.86"
"581","1955","25","0.00175","0.00175","0.50","94348","165","94265","4238959","44.93"
"582","1955","26","0.00165","0.00165","0.50","94183","156","94105","4144693","44.01"
"583","1955","27","0.00150","0.00149","0.50","94027","141","93957","4050588","43.08"
"584","1955","28","0.00192","0.00192","0.50","93887","180","93797","3956631","42.14"
"585","1955","29","0.00168","0.00167","0.50","93707","157","93628","3862834","41.22"
"586","1955","30","0.00162","0.00162","0.50","93550","151","93474","3769206","40.29"
"587","1955","31","0.00197","0.00197","0.50","93398","184","93306","3675732","39.36"
"588","1955","32","0.00198","0.00198","0.50","93214","185","93122","3582426","38.43"
"589","1955","33","0.00218","0.00217","0.50","93030","202","92928","3489304","37.51"
"590","1955","34","0.00241","0.00241","0.50","92827","223","92716","3396376","36.59"
"591","1955","35","0.00232","0.00232","0.50","92604","215","92497","3303660","35.68"
"592","1955","36","0.00189","0.00189","0.50","92389","174","92302","3211164","34.76"
"593","1955","37","0.00200","0.00200","0.50","92215","184","92123","3118862","33.82"
"594","1955","38","0.00233","0.00233","0.50","92031","214","91924","3026739","32.89"
"595","1955","39","0.00270","0.00270","0.50","91817","248","91693","2934815","31.96"
"596","1955","40","0.00336","0.00335","0.50","91569","307","91415","2843122","31.05"
"597","1955","41","0.00322","0.00322","0.50","91262","293","91115","2751707","30.15"
"598","1955","42","0.00374","0.00373","0.50","90968","340","90798","2660592","29.25"
"599","1955","43","0.00398","0.00397","0.50","90629","360","90449","2569794","28.36"
"600","1955","44","0.00425","0.00424","0.50","90269","383","90077","2479345","27.47"
"601","1955","45","0.00523","0.00522","0.50","89886","469","89652","2389268","26.58"
"602","1955","46","0.00524","0.00523","0.50","89417","467","89184","2299616","25.72"
"603","1955","47","0.00610","0.00608","0.50","88950","541","88679","2210433","24.85"
"604","1955","48","0.00709","0.00706","0.50","88409","624","88097","2121753","24.00"
"605","1955","49","0.00814","0.00811","0.50","87785","712","87429","2033657","23.17"
"606","1955","50","0.00867","0.00864","0.50","87073","752","86697","1946228","22.35"
"607","1955","51","0.00973","0.00969","0.50","86321","836","85903","1859531","21.54"
"608","1955","52","0.01045","0.01040","0.50","85485","889","85040","1773628","20.75"
"609","1955","53","0.01216","0.01209","0.50","84596","1022","84085","1688587","19.96"
"610","1955","54","0.01412","0.01402","0.50","83574","1172","82988","1604503","19.20"
"611","1955","55","0.01513","0.01502","0.50","82402","1237","81783","1521515","18.46"
"612","1955","56","0.01801","0.01785","0.50","81165","1448","80440","1439731","17.74"
"613","1955","57","0.01870","0.01853","0.50","79716","1477","78978","1359291","17.05"
"614","1955","58","0.01978","0.01959","0.50","78239","1533","77473","1280313","16.36"
"615","1955","59","0.02172","0.02148","0.50","76706","1648","75882","1202841","15.68"
"616","1955","60","0.02468","0.02438","0.50","75058","1830","74144","1126958","15.01"
"617","1955","61","0.02813","0.02774","0.50","73229","2032","72213","1052814","14.38"
"618","1955","62","0.02830","0.02790","0.50","71197","1987","70204","980602","13.77"
"619","1955","63","0.03040","0.02994","0.50","69211","2072","68174","910398","13.15"
"620","1955","64","0.03453","0.03394","0.50","67138","2279","65999","842223","12.54"
"621","1955","65","0.03772","0.03702","0.50","64860","2401","63659","776224","11.97"
"622","1955","66","0.03929","0.03853","0.50","62458","2407","61255","712565","11.41"
"623","1955","67","0.04230","0.04143","0.50","60052","2488","58808","651310","10.85"
"624","1955","68","0.04876","0.04760","0.50","57564","2740","56194","592502","10.29"
"625","1955","69","0.05260","0.05125","0.50","54824","2810","53419","536308","9.78"
"626","1955","70","0.05533","0.05384","0.50","52015","2801","50614","482889","9.28"
"627","1955","71","0.06185","0.06000","0.50","49214","2953","47738","432274","8.78"
"628","1955","72","0.06858","0.06631","0.50","46261","3067","44728","384537","8.31"
"629","1955","73","0.07475","0.07205","0.50","43194","3112","41638","339809","7.87"
"630","1955","74","0.07742","0.07453","0.50","40082","2987","38588","298172","7.44"
"631","1955","75","0.08812","0.08440","0.50","37094","3131","35529","259584","7.00"
"632","1955","76","0.09857","0.09394","0.50","33964","3190","32368","224055","6.60"
"633","1955","77","0.09964","0.09491","0.50","30773","2921","29313","191687","6.23"
"634","1955","78","0.10982","0.10411","0.50","27852","2900","26402","162374","5.83"
"635","1955","79","0.12552","0.11810","0.50","24953","2947","23479","135971","5.45"
"636","1955","80","0.13207","0.12389","0.50","22006","2726","20643","112492","5.11"
"637","1955","81","0.15574","0.14448","0.50","19279","2786","17887","91850","4.76"
"638","1955","82","0.16131","0.14927","0.50","16494","2462","15263","73963","4.48"
"639","1955","83","0.18338","0.16798","0.50","14032","2357","12853","58700","4.18"
"640","1955","84","0.18651","0.17060","0.50","11675","1992","10679","45847","3.93"
"641","1955","85","0.21974","0.19798","0.50","9683","1917","8724","35168","3.63"
"642","1955","86","0.25679","0.22757","0.50","7766","1767","6882","26444","3.41"
"643","1955","87","0.25148","0.22339","0.50","5999","1340","5329","19562","3.26"
"644","1955","88","0.28961","0.25298","0.50","4659","1179","4069","14233","3.06"
"645","1955","89","0.30810","0.26697","0.50","3480","929","3016","10164","2.92"
"646","1955","90","0.29450","0.25670","0.50","2551","655","2224","7148","2.80"
"647","1955","91","0.32977","0.28309","0.50","1896","537","1628","4925","2.60"
"648","1955","92","0.36830","0.31103","0.50","1359","423","1148","3297","2.43"
"649","1955","93","0.39386","0.32906","0.50","937","308","782","2149","2.29"
"650","1955","94","0.42000","0.34711","0.50","628","218","519","1366","2.17"
"651","1955","95","0.44661","0.36508","0.50","410","150","335","847","2.06"
"652","1955","96","0.47352","0.38287","0.50","260","100","211","512","1.96"
"653","1955","97","0.50059","0.40038","0.50","161","64","129","301","1.87"
"654","1955","98","0.52766","0.41751","0.50","96","40","76","172","1.79"
"655","1955","99","0.55456","0.43417","0.50","56","24","44","96","1.71"
"656","1955","100","0.58115","0.45030","0.50","32","14","25","52","1.64"
"657","1955","101","0.60727","0.46583","0.50","17","8","13","28","1.58"
"658","1955","102","0.63280","0.48070","0.50","9","4","7","14","1.52"
"659","1955","103","0.65760","0.49488","0.50","5","2","4","7","1.47"
"660","1955","104","0.68157","0.50834","0.50","2","1","2","3","1.43"
"661","1955","105","0.70461","0.52105","0.50","1","1","1","2","1.38"
"662","1955","106","0.72666","0.53300","0.50","1","0","0","1","1.35"
"663","1955","107","0.74765","0.54421","0.50","0","0","0","0","1.31"
"664","1955","108","0.76754","0.55468","0.50","0","0","0","0","1.28"
"665","1955","109","0.78632","0.56441","0.50","0","0","0","0","1.26"
"666","1955","110+","0.80396","1.00000","1.24","0","0","0","0","1.24"
"667","1956","0","0.02885","0.02813","0.12","100000","2813","97531","6668966","66.69"
"668","1956","1","0.00238","0.00238","0.50","97187","231","97071","6571435","67.62"
"669","1956","2","0.00130","0.00130","0.50","96956","126","96893","6474364","66.78"
"670","1956","3","0.00101","0.00101","0.50","96830","97","96781","6377471","65.86"
"671","1956","4","0.00070","0.00070","0.50","96732","68","96698","6280690","64.93"
"672","1956","5","0.00071","0.00071","0.50","96665","69","96630","6183992","63.97"
"673","1956","6","0.00061","0.00061","0.50","96596","59","96566","6087362","63.02"
"674","1956","7","0.00064","0.00064","0.50","96537","61","96506","5990796","62.06"
"675","1956","8","0.00064","0.00064","0.50","96475","62","96444","5894290","61.10"
"676","1956","9","0.00053","0.00053","0.50","96414","51","96388","5797845","60.14"
"677","1956","10","0.00054","0.00054","0.50","96362","52","96336","5701457","59.17"
"678","1956","11","0.00052","0.00052","0.50","96310","50","96285","5605121","58.20"
"679","1956","12","0.00050","0.00050","0.50","96260","48","96236","5508836","57.23"
"680","1956","13","0.00070","0.00070","0.50","96212","67","96179","5412600","56.26"
"681","1956","14","0.00055","0.00055","0.50","96145","53","96118","5316422","55.30"
"682","1956","15","0.00071","0.00071","0.50","96092","68","96058","5220303","54.33"
"683","1956","16","0.00093","0.00093","0.50","96024","89","95979","5124245","53.36"
"684","1956","17","0.00100","0.00100","0.50","95934","96","95886","5028266","52.41"
"685","1956","18","0.00162","0.00162","0.50","95838","155","95761","4932380","51.47"
"686","1956","19","0.00168","0.00168","0.50","95683","160","95603","4836619","50.55"
"687","1956","20","0.00170","0.00169","0.50","95522","162","95442","4741017","49.63"
"688","1956","21","0.00160","0.00160","0.50","95361","152","95285","4645575","48.72"
"689","1956","22","0.00195","0.00195","0.50","95209","186","95116","4550291","47.79"
"690","1956","23","0.00174","0.00174","0.50","95023","165","94940","4455175","46.89"
"691","1956","24","0.00179","0.00178","0.50","94857","169","94773","4360235","45.97"
"692","1956","25","0.00172","0.00171","0.50","94688","162","94607","4265462","45.05"
"693","1956","26","0.00187","0.00187","0.50","94526","177","94437","4170855","44.12"
"694","1956","27","0.00148","0.00148","0.50","94349","140","94279","4076417","43.21"
"695","1956","28","0.00134","0.00134","0.50","94209","126","94146","3982139","42.27"
"696","1956","29","0.00147","0.00147","0.50","94083","138","94014","3887993","41.33"
"697","1956","30","0.00183","0.00183","0.50","93945","172","93859","3793979","40.39"
"698","1956","31","0.00170","0.00170","0.50","93773","159","93693","3700120","39.46"
"699","1956","32","0.00192","0.00192","0.50","93614","180","93524","3606427","38.52"
"700","1956","33","0.00196","0.00196","0.50","93434","183","93342","3512903","37.60"
"701","1956","34","0.00206","0.00206","0.50","93251","192","93155","3419561","36.67"
"702","1956","35","0.00263","0.00262","0.50","93058","244","92936","3326406","35.75"
"703","1956","36","0.00192","0.00192","0.50","92814","178","92725","3233470","34.84"
"704","1956","37","0.00259","0.00259","0.50","92636","240","92516","3140745","33.90"
"705","1956","38","0.00275","0.00274","0.50","92396","254","92270","3048229","32.99"
"706","1956","39","0.00246","0.00246","0.50","92143","226","92030","2955959","32.08"
"707","1956","40","0.00279","0.00278","0.50","91917","256","91789","2863929","31.16"
"708","1956","41","0.00318","0.00318","0.50","91661","291","91515","2772141","30.24"
"709","1956","42","0.00321","0.00320","0.50","91370","293","91223","2680625","29.34"
"710","1956","43","0.00357","0.00357","0.50","91077","325","90914","2589402","28.43"
"711","1956","44","0.00426","0.00425","0.50","90752","386","90559","2498488","27.53"
"712","1956","45","0.00462","0.00461","0.50","90366","417","90158","2407928","26.65"
"713","1956","46","0.00518","0.00517","0.50","89949","465","89717","2317770","25.77"
"714","1956","47","0.00546","0.00544","0.50","89485","487","89241","2228053","24.90"
"715","1956","48","0.00593","0.00591","0.50","88998","526","88735","2138812","24.03"
"716","1956","49","0.00735","0.00732","0.50","88471","648","88148","2050078","23.17"
"717","1956","50","0.00793","0.00789","0.50","87824","693","87477","1961930","22.34"
"718","1956","51","0.00939","0.00935","0.50","87130","815","86723","1874453","21.51"
"719","1956","52","0.01109","0.01103","0.50","86316","952","85840","1787730","20.71"
"720","1956","53","0.01168","0.01161","0.50","85364","991","84868","1701890","19.94"
"721","1956","54","0.01354","0.01345","0.50","84372","1135","83805","1617023","19.17"
"722","1956","55","0.01456","0.01446","0.50","83237","1203","82635","1533218","18.42"
"723","1956","56","0.01663","0.01650","0.50","82034","1353","81357","1450583","17.68"
"724","1956","57","0.01737","0.01722","0.50","80680","1390","79986","1369226","16.97"
"725","1956","58","0.02124","0.02101","0.50","79291","1666","78458","1289240","16.26"
"726","1956","59","0.02079","0.02057","0.50","77625","1597","76826","1210782","15.60"
"727","1956","60","0.02396","0.02367","0.50","76028","1800","75128","1133956","14.92"
"728","1956","61","0.02683","0.02648","0.50","74228","1965","73245","1058828","14.26"
"729","1956","62","0.02969","0.02925","0.50","72262","2114","71205","985583","13.64"
"730","1956","63","0.03179","0.03129","0.50","70148","2195","69051","914377","13.03"
"731","1956","64","0.03361","0.03305","0.50","67953","2246","66830","845326","12.44"
"732","1956","65","0.03636","0.03571","0.50","65707","2346","64534","778496","11.85"
"733","1956","66","0.03986","0.03908","0.50","63361","2476","62123","713962","11.27"
"734","1956","67","0.04275","0.04186","0.50","60885","2548","59610","651839","10.71"
"735","1956","68","0.05094","0.04967","0.50","58336","2898","56887","592229","10.15"
"736","1956","69","0.05196","0.05064","0.50","55438","2807","54035","535341","9.66"
"737","1956","70","0.05554","0.05404","0.50","52631","2844","51209","481307","9.14"
"738","1956","71","0.06011","0.05835","0.50","49787","2905","48334","430098","8.64"
"739","1956","72","0.06832","0.06607","0.50","46882","3097","45333","381763","8.14"
"740","1956","73","0.07994","0.07687","0.50","43784","3366","42102","336430","7.68"
"741","1956","74","0.08243","0.07916","0.50","40419","3200","38819","294329","7.28"
"742","1956","75","0.08378","0.08041","0.50","37219","2993","35723","255510","6.87"
"743","1956","76","0.09977","0.09503","0.50","34226","3253","32600","219787","6.42"
"744","1956","77","0.10728","0.10182","0.50","30974","3154","29397","187187","6.04"
"745","1956","78","0.11825","0.11165","0.50","27820","3106","26267","157790","5.67"
"746","1956","79","0.13249","0.12426","0.50","24714","3071","23178","131523","5.32"
"747","1956","80","0.14162","0.13225","0.50","21643","2862","20212","108345","5.01"
"748","1956","81","0.14776","0.13759","0.50","18781","2584","17489","88133","4.69"
"749","1956","82","0.16426","0.15180","0.50","16197","2459","14967","70645","4.36"
"750","1956","83","0.18358","0.16814","0.50","13738","2310","12583","55678","4.05"
"751","1956","84","0.21341","0.19283","0.50","11428","2204","10326","43095","3.77"
"752","1956","85","0.22406","0.20149","0.50","9224","1859","8295","32768","3.55"
"753","1956","86","0.23470","0.21005","0.50","7366","1547","6592","24473","3.32"
"754","1956","87","0.27351","0.24061","0.50","5819","1400","5119","17881","3.07"
"755","1956","88","0.29229","0.25502","0.50","4419","1127","3855","12763","2.89"
"756","1956","89","0.30670","0.26592","0.50","3292","875","2854","8908","2.71"
"757","1956","90","0.35311","0.30012","0.50","2416","725","2054","6054","2.51"
"758","1956","91","0.38957","0.32606","0.50","1691","551","1415","4000","2.37"
"759","1956","92","0.39221","0.32790","0.50","1140","374","953","2584","2.27"
"760","1956","93","0.42717","0.35199","0.50","766","270","631","1631","2.13"
"761","1956","94","0.45645","0.37164","0.50","496","184","404","1000","2.01"
"762","1956","95","0.48604","0.39102","0.50","312","122","251","596","1.91"
"763","1956","96","0.51573","0.41000","0.50","190","78","151","345","1.82"
"764","1956","97","0.54530","0.42848","0.50","112","48","88","194","1.73"
"765","1956","98","0.57456","0.44634","0.50","64","29","50","106","1.65"
"766","1956","99","0.60331","0.46349","0.50","35","16","27","56","1.59"
"767","1956","100","0.63136","0.47987","0.50","19","9","14","29","1.52"
"768","1956","101","0.65855","0.49542","0.50","10","5","7","15","1.47"
"769","1956","102","0.68473","0.51009","0.50","5","3","4","7","1.42"
"770","1956","103","0.70979","0.52387","0.50","2","1","2","3","1.37"
"771","1956","104","0.73364","0.53675","0.50","1","1","1","2","1.33"
"772","1956","105","0.75620","0.54872","0.50","1","0","0","1","1.30"
"773","1956","106","0.77742","0.55982","0.50","0","0","0","0","1.26"
"774","1956","107","0.79730","0.57005","0.50","0","0","0","0","1.24"
"775","1956","108","0.81582","0.57945","0.50","0","0","0","0","1.21"
"776","1956","109","0.83300","0.58807","0.50","0","0","0","0","1.19"
"777","1956","110+","0.84888","1.00000","1.18","0","0","0","0","1.18"
"778","1957","0","0.02826","0.02757","0.12","100000","2757","97575","6630765","66.31"
"779","1957","1","0.00224","0.00223","0.50","97243","217","97134","6533190","67.18"
"780","1957","2","0.00141","0.00141","0.50","97025","137","96957","6436056","66.33"
"781","1957","3","0.00099","0.00099","0.50","96888","96","96840","6339099","65.43"
"782","1957","4","0.00085","0.00084","0.50","96792","82","96751","6242259","64.49"
"783","1957","5","0.00086","0.00086","0.50","96710","83","96669","6145508","63.55"
"784","1957","6","0.00071","0.00071","0.50","96628","69","96593","6048839","62.60"
"785","1957","7","0.00068","0.00068","0.50","96559","66","96526","5952245","61.64"
"786","1957","8","0.00088","0.00088","0.50","96493","84","96451","5855719","60.69"
"787","1957","9","0.00069","0.00069","0.50","96409","67","96375","5759269","59.74"
"788","1957","10","0.00064","0.00064","0.50","96342","61","96311","5662894","58.78"
"789","1957","11","0.00064","0.00064","0.50","96280","62","96250","5566583","57.82"
"790","1957","12","0.00058","0.00058","0.50","96219","56","96191","5470333","56.85"
"791","1957","13","0.00075","0.00075","0.50","96163","72","96127","5374142","55.89"
"792","1957","14","0.00078","0.00078","0.50","96091","75","96053","5278015","54.93"
"793","1957","15","0.00093","0.00093","0.50","96016","89","95971","5181962","53.97"
"794","1957","16","0.00118","0.00118","0.50","95927","113","95870","5085990","53.02"
"795","1957","17","0.00136","0.00136","0.50","95814","130","95749","4990120","52.08"
"796","1957","18","0.00164","0.00164","0.50","95684","157","95605","4894371","51.15"
"797","1957","19","0.00206","0.00206","0.50","95527","196","95428","4798766","50.23"
"798","1957","20","0.00184","0.00184","0.50","95330","175","95243","4703338","49.34"
"799","1957","21","0.00169","0.00169","0.50","95155","161","95075","4608095","48.43"
"800","1957","22","0.00177","0.00177","0.50","94994","168","94910","4513020","47.51"
"801","1957","23","0.00155","0.00155","0.50","94826","147","94753","4418110","46.59"
"802","1957","24","0.00160","0.00160","0.50","94679","151","94604","4323357","45.66"
"803","1957","25","0.00193","0.00193","0.50","94528","182","94437","4228754","44.74"
"804","1957","26","0.00160","0.00160","0.50","94346","151","94270","4134317","43.82"
"805","1957","27","0.00184","0.00184","0.50","94195","173","94108","4040046","42.89"
"806","1957","28","0.00152","0.00152","0.50","94022","143","93951","3945938","41.97"
"807","1957","29","0.00171","0.00171","0.50","93879","161","93799","3851988","41.03"
"808","1957","30","0.00173","0.00173","0.50","93719","162","93638","3758189","40.10"
"809","1957","31","0.00179","0.00179","0.50","93557","167","93473","3664551","39.17"
"810","1957","32","0.00219","0.00219","0.50","93389","204","93287","3571078","38.24"
"811","1957","33","0.00200","0.00200","0.50","93185","186","93092","3477791","37.32"
"812","1957","34","0.00197","0.00197","0.50","92999","183","92908","3384698","36.39"
"813","1957","35","0.00226","0.00226","0.50","92816","210","92711","3291791","35.47"
"814","1957","36","0.00218","0.00218","0.50","92606","202","92505","3199080","34.55"
"815","1957","37","0.00253","0.00253","0.50","92404","234","92288","3106574","33.62"
"816","1957","38","0.00253","0.00252","0.50","92171","232","92055","3014287","32.70"
"817","1957","39","0.00279","0.00279","0.50","91938","256","91810","2922232","31.78"
"818","1957","40","0.00308","0.00308","0.50","91682","282","91541","2830422","30.87"
"819","1957","41","0.00244","0.00244","0.50","91400","223","91288","2738881","29.97"
"820","1957","42","0.00359","0.00358","0.50","91177","326","91014","2647593","29.04"
"821","1957","43","0.00380","0.00379","0.50","90851","345","90678","2556579","28.14"
"822","1957","44","0.00375","0.00374","0.50","90506","339","90336","2465901","27.25"
"823","1957","45","0.00450","0.00449","0.50","90167","405","89965","2375564","26.35"
"824","1957","46","0.00513","0.00512","0.50","89762","460","89532","2285600","25.46"
"825","1957","47","0.00589","0.00587","0.50","89303","524","89040","2196067","24.59"
"826","1957","48","0.00626","0.00624","0.50","88778","554","88501","2107027","23.73"
"827","1957","49","0.00723","0.00720","0.50","88224","636","87906","2018526","22.88"
"828","1957","50","0.00809","0.00806","0.50","87589","706","87236","1930619","22.04"
"829","1957","51","0.00902","0.00898","0.50","86883","780","86493","1843384","21.22"
"830","1957","52","0.01041","0.01035","0.50","86102","891","85657","1756891","20.40"
"831","1957","53","0.01134","0.01128","0.50","85211","961","84731","1671234","19.61"
"832","1957","54","0.01385","0.01376","0.50","84250","1159","83671","1586504","18.83"
"833","1957","55","0.01526","0.01515","0.50","83092","1259","82462","1502833","18.09"
"834","1957","56","0.01667","0.01653","0.50","81833","1353","81156","1420370","17.36"
"835","1957","57","0.01902","0.01884","0.50","80480","1516","79722","1339214","16.64"
"836","1957","58","0.02024","0.02003","0.50","78964","1582","78173","1259492","15.95"
"837","1957","59","0.02350","0.02323","0.50","77382","1798","76483","1181320","15.27"
"838","1957","60","0.02684","0.02648","0.50","75584","2002","74583","1104837","14.62"
"839","1957","61","0.02660","0.02625","0.50","73582","1931","72617","1030254","14.00"
"840","1957","62","0.03019","0.02974","0.50","71651","2131","70586","957637","13.37"
"841","1957","63","0.03136","0.03088","0.50","69520","2147","68447","887052","12.76"
"842","1957","64","0.03414","0.03357","0.50","67373","2262","66243","818605","12.15"
"843","1957","65","0.03762","0.03693","0.50","65112","2404","63910","752362","11.55"
"844","1957","66","0.04134","0.04050","0.50","62707","2540","61438","688453","10.98"
"845","1957","67","0.04693","0.04586","0.50","60168","2759","58788","627015","10.42"
"846","1957","68","0.04976","0.04855","0.50","57408","2787","56015","568227","9.90"
"847","1957","69","0.05548","0.05399","0.50","54621","2949","53147","512212","9.38"
"848","1957","70","0.06198","0.06011","0.50","51672","3106","50119","459066","8.88"
"849","1957","71","0.06833","0.06607","0.50","48566","3209","46962","408946","8.42"
"850","1957","72","0.07302","0.07045","0.50","45357","3195","43760","361985","7.98"
"851","1957","73","0.07549","0.07275","0.50","42162","3067","40628","318225","7.55"
"852","1957","74","0.08577","0.08224","0.50","39095","3215","37487","277597","7.10"
"853","1957","75","0.09092","0.08697","0.50","35879","3120","34319","240109","6.69"
"854","1957","76","0.10135","0.09646","0.50","32759","3160","31179","205790","6.28"
"855","1957","77","0.10845","0.10287","0.50","29599","3045","28076","174611","5.90"
"856","1957","78","0.12299","0.11586","0.50","26554","3077","25016","146535","5.52"
"857","1957","79","0.13521","0.12665","0.50","23477","2973","21991","121519","5.18"
"858","1957","80","0.14910","0.13876","0.50","20504","2845","19081","99529","4.85"
"859","1957","81","0.15940","0.14763","0.50","17659","2607","16355","80447","4.56"
"860","1957","82","0.16986","0.15656","0.50","15052","2357","13874","64092","4.26"
"861","1957","83","0.19747","0.17973","0.50","12695","2282","11554","50218","3.96"
"862","1957","84","0.21109","0.19094","0.50","10414","1988","9419","38664","3.71"
"863","1957","85","0.22503","0.20227","0.50","8425","1704","7573","29244","3.47"
"864","1957","86","0.25600","0.22695","0.50","6721","1525","5958","21671","3.22"
"865","1957","87","0.28063","0.24610","0.50","5196","1279","4556","15713","3.02"
"866","1957","88","0.29887","0.26001","0.50","3917","1018","3408","11156","2.85"
"867","1957","89","0.35050","0.29823","0.50","2899","864","2466","7749","2.67"
"868","1957","90","0.31148","0.26951","0.50","2034","548","1760","5282","2.60"
"869","1957","91","0.38354","0.32182","0.50","1486","478","1247","3522","2.37"
"870","1957","92","0.40177","0.33456","0.50","1008","337","839","2275","2.26"
"871","1957","93","0.42611","0.35127","0.50","671","236","553","1436","2.14"
"872","1957","94","0.45393","0.36996","0.50","435","161","355","884","2.03"
"873","1957","95","0.48204","0.38842","0.50","274","106","221","529","1.93"
"874","1957","96","0.51026","0.40654","0.50","168","68","134","308","1.84"
"875","1957","97","0.53842","0.42422","0.50","99","42","78","175","1.75"
"876","1957","98","0.56634","0.44136","0.50","57","25","45","96","1.68"
"877","1957","99","0.59384","0.45788","0.50","32","15","25","52","1.61"
"878","1957","100","0.62076","0.47373","0.50","17","8","13","27","1.55"
"879","1957","101","0.64696","0.48884","0.50","9","4","7","14","1.49"
"880","1957","102","0.67231","0.50317","0.50","5","2","3","7","1.44"
"881","1957","103","0.69669","0.51670","0.50","2","1","2","3","1.40"
"882","1957","104","0.72001","0.52942","0.50","1","1","1","2","1.36"
"883","1957","105","0.74221","0.54132","0.50","1","0","0","1","1.32"
"884","1957","106","0.76322","0.55241","0.50","0","0","0","0","1.29"
"885","1957","107","0.78302","0.56271","0.50","0","0","0","0","1.26"
"886","1957","108","0.80159","0.57224","0.50","0","0","0","0","1.23"
"887","1957","109","0.81894","0.58103","0.50","0","0","0","0","1.21"
"888","1957","110+","0.83509","1.00000","1.20","0","0","0","0","1.20"
"889","1958","0","0.02652","0.02592","0.11","100000","2592","97706","6722778","67.23"
"890","1958","1","0.00218","0.00218","0.50","97408","212","97303","6625072","68.01"
"891","1958","2","0.00119","0.00119","0.50","97197","115","97139","6527769","67.16"
"892","1958","3","0.00096","0.00096","0.50","97081","93","97035","6430630","66.24"
"893","1958","4","0.00062","0.00062","0.50","96988","60","96959","6333595","65.30"
"894","1958","5","0.00064","0.00064","0.50","96929","62","96898","6236637","64.34"
"895","1958","6","0.00062","0.00062","0.50","96867","60","96837","6139739","63.38"
"896","1958","7","0.00050","0.00050","0.50","96807","49","96783","6042902","62.42"
"897","1958","8","0.00052","0.00052","0.50","96758","51","96733","5946119","61.45"
"898","1958","9","0.00056","0.00056","0.50","96708","54","96681","5849386","60.49"
"899","1958","10","0.00060","0.00060","0.50","96654","58","96625","5752705","59.52"
"900","1958","11","0.00053","0.00053","0.50","96596","51","96571","5656080","58.55"
"901","1958","12","0.00041","0.00041","0.50","96545","40","96525","5559509","57.58"
"902","1958","13","0.00054","0.00054","0.50","96505","52","96479","5462984","56.61"
"903","1958","14","0.00056","0.00056","0.50","96453","54","96426","5366506","55.64"
"904","1958","15","0.00082","0.00082","0.50","96399","79","96359","5270080","54.67"
"905","1958","16","0.00083","0.00083","0.50","96320","80","96280","5173721","53.71"
"906","1958","17","0.00115","0.00114","0.50","96240","110","96185","5077441","52.76"
"907","1958","18","0.00183","0.00182","0.50","96130","175","96042","4981256","51.82"
"908","1958","19","0.00166","0.00166","0.50","95955","159","95875","4885214","50.91"
"909","1958","20","0.00155","0.00154","0.50","95796","148","95722","4789338","50.00"
"910","1958","21","0.00171","0.00171","0.50","95648","163","95566","4693617","49.07"
"911","1958","22","0.00176","0.00176","0.50","95485","168","95401","4598051","48.15"
"912","1958","23","0.00165","0.00165","0.50","95317","157","95238","4502650","47.24"
"913","1958","24","0.00169","0.00168","0.50","95160","160","95080","4407412","46.32"
"914","1958","25","0.00138","0.00138","0.50","94999","131","94934","4312332","45.39"
"915","1958","26","0.00156","0.00156","0.50","94869","148","94795","4217398","44.46"
"916","1958","27","0.00147","0.00147","0.50","94721","140","94651","4122603","43.52"
"917","1958","28","0.00158","0.00157","0.50","94581","149","94507","4027952","42.59"
"918","1958","29","0.00163","0.00163","0.50","94432","154","94355","3933446","41.65"
"919","1958","30","0.00128","0.00128","0.50","94279","121","94218","3839090","40.72"
"920","1958","31","0.00153","0.00153","0.50","94157","144","94086","3744872","39.77"
"921","1958","32","0.00176","0.00176","0.50","94014","165","93931","3650787","38.83"
"922","1958","33","0.00205","0.00205","0.50","93848","192","93752","3556855","37.90"
"923","1958","34","0.00188","0.00188","0.50","93656","176","93568","3463103","36.98"
"924","1958","35","0.00208","0.00207","0.50","93480","194","93383","3369535","36.05"
"925","1958","36","0.00243","0.00242","0.50","93286","226","93173","3276152","35.12"
"926","1958","37","0.00231","0.00231","0.50","93060","215","92953","3182978","34.20"
"927","1958","38","0.00245","0.00245","0.50","92846","227","92732","3090026","33.28"
"928","1958","39","0.00231","0.00230","0.50","92618","213","92512","2997294","32.36"
"929","1958","40","0.00277","0.00277","0.50","92405","256","92277","2904782","31.44"
"930","1958","41","0.00336","0.00335","0.50","92149","309","91995","2812505","30.52"
"931","1958","42","0.00353","0.00352","0.50","91840","324","91679","2720510","29.62"
"932","1958","43","0.00389","0.00388","0.50","91517","355","91339","2628831","28.73"
"933","1958","44","0.00344","0.00343","0.50","91162","313","91005","2537492","27.84"
"934","1958","45","0.00433","0.00432","0.50","90849","392","90653","2446487","26.93"
"935","1958","46","0.00484","0.00483","0.50","90457","437","90238","2355834","26.04"
"936","1958","47","0.00513","0.00511","0.50","90020","460","89789","2265596","25.17"
"937","1958","48","0.00555","0.00553","0.50","89559","495","89312","2175806","24.29"
"938","1958","49","0.00691","0.00689","0.50","89064","614","88757","2086495","23.43"
"939","1958","50","0.00806","0.00802","0.50","88450","710","88095","1997738","22.59"
"940","1958","51","0.00866","0.00863","0.50","87741","757","87362","1909643","21.76"
"941","1958","52","0.00921","0.00917","0.50","86984","797","86585","1822280","20.95"
"942","1958","53","0.01055","0.01049","0.50","86186","904","85734","1735695","20.14"
"943","1958","54","0.01232","0.01224","0.50","85282","1044","84760","1649961","19.35"
"944","1958","55","0.01349","0.01340","0.50","84238","1129","83674","1565201","18.58"
"945","1958","56","0.01477","0.01467","0.50","83109","1219","82500","1481527","17.83"
"946","1958","57","0.01790","0.01774","0.50","81890","1453","81164","1399027","17.08"
"947","1958","58","0.02044","0.02024","0.50","80438","1628","79624","1317863","16.38"
"948","1958","59","0.02063","0.02042","0.50","78810","1609","78005","1238240","15.71"
"949","1958","60","0.02383","0.02355","0.50","77201","1818","76291","1160235","15.03"
"950","1958","61","0.02458","0.02428","0.50","75382","1830","74467","1083943","14.38"
"951","1958","62","0.02741","0.02704","0.50","73552","1989","72557","1009476","13.72"
"952","1958","63","0.02991","0.02947","0.50","71563","2109","70508","936919","13.09"
"953","1958","64","0.03283","0.03230","0.50","69454","2244","68332","866411","12.47"
"954","1958","65","0.03920","0.03844","0.50","67211","2584","65919","798078","11.87"
"955","1958","66","0.03964","0.03887","0.50","64627","2512","63371","732160","11.33"
"956","1958","67","0.04495","0.04396","0.50","62115","2731","60749","668789","10.77"
"957","1958","68","0.04683","0.04575","0.50","59384","2717","58025","608040","10.24"
"958","1958","69","0.05117","0.04989","0.50","56667","2827","55253","550014","9.71"
"959","1958","70","0.05566","0.05415","0.50","53840","2915","52382","494761","9.19"
"960","1958","71","0.06140","0.05957","0.50","50924","3033","49407","442379","8.69"
"961","1958","72","0.06690","0.06474","0.50","47891","3100","46341","392972","8.21"
"962","1958","73","0.07667","0.07384","0.50","44791","3307","43137","346631","7.74"
"963","1958","74","0.08032","0.07722","0.50","41483","3203","39882","303494","7.32"
"964","1958","75","0.08752","0.08385","0.50","38280","3210","36675","263612","6.89"
"965","1958","76","0.09267","0.08857","0.50","35071","3106","33517","226937","6.47"
"966","1958","77","0.10315","0.09809","0.50","31964","3135","30397","193419","6.05"
"967","1958","78","0.12158","0.11461","0.50","28829","3304","27177","163023","5.65"
"968","1958","79","0.12916","0.12132","0.50","25525","3097","23976","135846","5.32"
"969","1958","80","0.13751","0.12867","0.50","22428","2886","20985","111869","4.99"
"970","1958","81","0.15326","0.14235","0.50","19542","2782","18151","90884","4.65"
"971","1958","82","0.17806","0.16351","0.50","16760","2740","15390","72733","4.34"
"972","1958","83","0.18585","0.17004","0.50","14020","2384","12828","57342","4.09"
"973","1958","84","0.20819","0.18856","0.50","11636","2194","10539","44514","3.83"
"974","1958","85","0.21704","0.19580","0.50","9442","1849","8518","33975","3.60"
"975","1958","86","0.24675","0.21965","0.50","7593","1668","6759","25458","3.35"
"976","1958","87","0.25836","0.22881","0.50","5925","1356","5247","18699","3.16"
"977","1958","88","0.29048","0.25364","0.50","4570","1159","3990","13451","2.94"
"978","1958","89","0.31212","0.26999","0.50","3411","921","2950","9461","2.77"
"979","1958","90","0.32721","0.28120","0.50","2490","700","2140","6511","2.62"
"980","1958","91","0.38652","0.32392","0.50","1790","580","1500","4371","2.44"
"981","1958","92","0.35507","0.30154","0.50","1210","365","1028","2871","2.37"
"982","1958","93","0.41660","0.34478","0.50","845","291","699","1844","2.18"
"983","1958","94","0.44441","0.36361","0.50","554","201","453","1145","2.07"
"984","1958","95","0.47258","0.38226","0.50","352","135","285","691","1.96"
"985","1958","96","0.50092","0.40059","0.50","218","87","174","406","1.87"
"986","1958","97","0.52925","0.41851","0.50","130","55","103","232","1.78"
"987","1958","98","0.55740","0.43591","0.50","76","33","59","129","1.70"
"988","1958","99","0.58519","0.45272","0.50","43","19","33","70","1.63"
"989","1958","100","0.61244","0.46886","0.50","23","11","18","37","1.57"
"990","1958","101","0.63901","0.48428","0.50","12","6","9","19","1.51"
"991","1958","102","0.66475","0.49892","0.50","6","3","5","9","1.46"
"992","1958","103","0.68955","0.51276","0.50","3","2","2","5","1.41"
"993","1958","104","0.71330","0.52578","0.50","2","1","1","2","1.37"
"994","1958","105","0.73594","0.53798","0.50","1","0","1","1","1.33"
"995","1958","106","0.75739","0.54935","0.50","0","0","0","0","1.30"
"996","1958","107","0.77763","0.55992","0.50","0","0","0","0","1.27"
"997","1958","108","0.79663","0.56971","0.50","0","0","0","0","1.24"
"998","1958","109","0.81440","0.57874","0.50","0","0","0","0","1.22"
"999","1958","110+","0.83095","1.00000","1.20","0","0","0","0","1.20"
"1000","1959","0","0.02359","0.02310","0.11","100000","2310","97933","6703367","67.03"
"1001","1959","1","0.00230","0.00230","0.50","97690","225","97578","6605433","67.62"
"1002","1959","2","0.00108","0.00108","0.50","97465","105","97413","6507856","66.77"
"1003","1959","3","0.00080","0.00080","0.50","97360","77","97321","6410443","65.84"
"1004","1959","4","0.00068","0.00068","0.50","97282","66","97249","6313122","64.89"
"1005","1959","5","0.00060","0.00060","0.50","97216","59","97187","6215873","63.94"
"1006","1959","6","0.00060","0.00060","0.50","97157","59","97128","6118686","62.98"
"1007","1959","7","0.00061","0.00061","0.50","97099","59","97069","6021558","62.01"
"1008","1959","8","0.00050","0.00050","0.50","97040","49","97015","5924488","61.05"
"1009","1959","9","0.00043","0.00043","0.50","96991","42","96970","5827473","60.08"
"1010","1959","10","0.00048","0.00048","0.50","96949","46","96926","5730503","59.11"
"1011","1959","11","0.00038","0.00038","0.50","96903","37","96884","5633577","58.14"
"1012","1959","12","0.00056","0.00056","0.50","96866","54","96838","5536693","57.16"
"1013","1959","13","0.00052","0.00052","0.50","96811","50","96786","5439854","56.19"
"1014","1959","14","0.00052","0.00052","0.50","96761","50","96736","5343068","55.22"
"1015","1959","15","0.00079","0.00079","0.50","96711","76","96673","5246332","54.25"
"1016","1959","16","0.00089","0.00088","0.50","96635","86","96592","5149660","53.29"
"1017","1959","17","0.00126","0.00126","0.50","96549","122","96488","5053068","52.34"
"1018","1959","18","0.00184","0.00184","0.50","96427","177","96339","4956580","51.40"
"1019","1959","19","0.00202","0.00201","0.50","96250","194","96153","4860241","50.50"
"1020","1959","20","0.00135","0.00134","0.50","96057","129","95992","4764087","49.60"
"1021","1959","21","0.00178","0.00178","0.50","95927","171","95842","4668095","48.66"
"1022","1959","22","0.00160","0.00159","0.50","95757","153","95680","4572253","47.75"
"1023","1959","23","0.00208","0.00208","0.50","95604","199","95505","4476573","46.82"
"1024","1959","24","0.00185","0.00185","0.50","95405","177","95317","4381068","45.92"
"1025","1959","25","0.00174","0.00174","0.50","95228","165","95146","4285752","45.01"
"1026","1959","26","0.00173","0.00173","0.50","95063","165","94981","4190606","44.08"
"1027","1959","27","0.00180","0.00179","0.50","94898","170","94813","4095625","43.16"
"1028","1959","28","0.00134","0.00134","0.50","94728","127","94665","4000812","42.23"
"1029","1959","29","0.00157","0.00156","0.50","94601","148","94527","3906147","41.29"
"1030","1959","30","0.00197","0.00197","0.50","94453","186","94360","3811620","40.35"
"1031","1959","31","0.00161","0.00161","0.50","94267","152","94191","3717260","39.43"
"1032","1959","32","0.00178","0.00178","0.50","94115","167","94032","3623069","38.50"
"1033","1959","33","0.00158","0.00158","0.50","93948","149","93874","3529037","37.56"
"1034","1959","34","0.00205","0.00204","0.50","93799","192","93703","3435164","36.62"
"1035","1959","35","0.00207","0.00207","0.50","93608","194","93511","3341460","35.70"
"1036","1959","36","0.00235","0.00235","0.50","93414","220","93304","3247950","34.77"
"1037","1959","37","0.00266","0.00266","0.50","93194","247","93070","3154646","33.85"
"1038","1959","38","0.00220","0.00220","0.50","92947","204","92845","3061575","32.94"
"1039","1959","39","0.00265","0.00265","0.50","92742","246","92620","2968731","32.01"
"1040","1959","40","0.00339","0.00338","0.50","92497","313","92340","2876111","31.09"
"1041","1959","41","0.00266","0.00266","0.50","92184","245","92062","2783771","30.20"
"1042","1959","42","0.00361","0.00360","0.50","91939","331","91773","2691709","29.28"
"1043","1959","43","0.00290","0.00290","0.50","91608","266","91475","2599936","28.38"
"1044","1959","44","0.00449","0.00448","0.50","91342","410","91137","2508461","27.46"
"1045","1959","45","0.00434","0.00433","0.50","90933","394","90736","2417323","26.58"
"1046","1959","46","0.00471","0.00470","0.50","90539","425","90326","2326587","25.70"
"1047","1959","47","0.00610","0.00608","0.50","90114","548","89840","2236261","24.82"
"1048","1959","48","0.00561","0.00559","0.50","89566","501","89315","2146421","23.96"
"1049","1959","49","0.00654","0.00652","0.50","89065","581","88775","2057106","23.10"
"1050","1959","50","0.00788","0.00785","0.50","88484","695","88137","1968331","22.25"
"1051","1959","51","0.00852","0.00848","0.50","87789","745","87417","1880195","21.42"
"1052","1959","52","0.01008","0.01003","0.50","87045","873","86608","1792778","20.60"
"1053","1959","53","0.01138","0.01131","0.50","86172","975","85685","1706169","19.80"
"1054","1959","54","0.01222","0.01214","0.50","85197","1035","84680","1620485","19.02"
"1055","1959","55","0.01440","0.01430","0.50","84162","1204","83561","1535805","18.25"
"1056","1959","56","0.01558","0.01546","0.50","82959","1282","82318","1452244","17.51"
"1057","1959","57","0.01740","0.01725","0.50","81677","1409","80972","1369926","16.77"
"1058","1959","58","0.02044","0.02023","0.50","80268","1624","79455","1288954","16.06"
"1059","1959","59","0.02338","0.02311","0.50","78643","1817","77735","1209499","15.38"
"1060","1959","60","0.02411","0.02382","0.50","76826","1830","75911","1131764","14.73"
"1061","1959","61","0.02752","0.02715","0.50","74996","2036","73978","1055853","14.08"
"1062","1959","62","0.02989","0.02945","0.50","72960","2149","71886","981874","13.46"
"1063","1959","63","0.03080","0.03033","0.50","70812","2148","69737","909989","12.85"
"1064","1959","64","0.03425","0.03368","0.50","68663","2312","67507","840251","12.24"
"1065","1959","65","0.03898","0.03824","0.50","66351","2537","65082","772744","11.65"
"1066","1959","66","0.04156","0.04071","0.50","63814","2598","62515","707661","11.09"
"1067","1959","67","0.04609","0.04505","0.50","61216","2758","59837","645147","10.54"
"1068","1959","68","0.05065","0.04940","0.50","58458","2888","57014","585309","10.01"
"1069","1959","69","0.05585","0.05433","0.50","55570","3019","54061","528295","9.51"
"1070","1959","70","0.05948","0.05776","0.50","52551","3035","51033","474234","9.02"
"1071","1959","71","0.06405","0.06206","0.50","49516","3073","47979","423201","8.55"
"1072","1959","72","0.07033","0.06794","0.50","46443","3155","44865","375222","8.08"
"1073","1959","73","0.07368","0.07106","0.50","43287","3076","41749","330357","7.63"
"1074","1959","74","0.08446","0.08103","0.50","40211","3258","38582","288607","7.18"
"1075","1959","75","0.09403","0.08981","0.50","36953","3319","35294","250025","6.77"
"1076","1959","76","0.09873","0.09408","0.50","33634","3164","32052","214731","6.38"
"1077","1959","77","0.10428","0.09911","0.50","30470","3020","28960","182679","6.00"
"1078","1959","78","0.11550","0.10919","0.50","27450","2997","25951","153719","5.60"
"1079","1959","79","0.12939","0.12153","0.50","24453","2972","22967","127768","5.23"
"1080","1959","80","0.14886","0.13855","0.50","21481","2976","19993","104801","4.88"
"1081","1959","81","0.16243","0.15023","0.50","18505","2780","17115","84808","4.58"
"1082","1959","82","0.15868","0.14702","0.50","15725","2312","14569","67693","4.30"
"1083","1959","83","0.19633","0.17878","0.50","13413","2398","12214","53124","3.96"
"1084","1959","84","0.20866","0.18895","0.50","11015","2081","9975","40909","3.71"
"1085","1959","85","0.23052","0.20669","0.50","8934","1847","8011","30935","3.46"
"1086","1959","86","0.24659","0.21952","0.50","7087","1556","6309","22924","3.23"
"1087","1959","87","0.26825","0.23653","0.50","5531","1308","4877","16615","3.00"
"1088","1959","88","0.31615","0.27300","0.50","4223","1153","3647","11738","2.78"
"1089","1959","89","0.31350","0.27102","0.50","3070","832","2654","8091","2.64"
"1090","1959","90","0.36162","0.30625","0.50","2238","685","1895","5437","2.43"
"1091","1959","91","0.38227","0.32093","0.50","1553","498","1304","3541","2.28"
"1092","1959","92","0.46441","0.37689","0.50","1054","397","856","2238","2.12"
"1093","1959","93","0.43407","0.35666","0.50","657","234","540","1382","2.10"
"1094","1959","94","0.46303","0.37599","0.50","423","159","343","842","1.99"
"1095","1959","95","0.49224","0.39502","0.50","264","104","212","499","1.89"
"1096","1959","96","0.52151","0.41365","0.50","160","66","127","287","1.80"
"1097","1959","97","0.55062","0.43175","0.50","94","40","73","161","1.72"
"1098","1959","98","0.57940","0.44925","0.50","53","24","41","87","1.64"
"1099","1959","99","0.60764","0.46605","0.50","29","14","22","46","1.58"
"1100","1959","100","0.63518","0.48208","0.50","16","8","12","24","1.52"
"1101","1959","101","0.66186","0.49729","0.50","8","4","6","12","1.46"
"1102","1959","102","0.68756","0.51166","0.50","4","2","3","6","1.41"
"1103","1959","103","0.71215","0.52515","0.50","2","1","1","3","1.37"
"1104","1959","104","0.73554","0.53777","0.50","1","1","1","1","1.33"
"1105","1959","105","0.75769","0.54951","0.50","0","0","0","1","1.29"
"1106","1959","106","0.77854","0.56039","0.50","0","0","0","0","1.26"
"1107","1959","107","0.79807","0.57044","0.50","0","0","0","0","1.23"
"1108","1959","108","0.81628","0.57969","0.50","0","0","0","0","1.21"
"1109","1959","109","0.83320","0.58817","0.50","0","0","0","0","1.19"
"1110","1959","110+","0.84885","1.00000","1.18","0","0","0","0","1.18"
"1111","1960","0","0.02322","0.02274","0.10","100000","2274","97962","6748924","67.49"
"1112","1960","1","0.00197","0.00197","0.50","97726","193","97629","6650961","68.06"
"1113","1960","2","0.00116","0.00116","0.50","97533","113","97476","6553332","67.19"
"1114","1960","3","0.00087","0.00087","0.50","97420","85","97377","6455856","66.27"
"1115","1960","4","0.00075","0.00075","0.50","97335","73","97299","6358478","65.33"
"1116","1960","5","0.00053","0.00053","0.50","97262","51","97237","6261180","64.37"
"1117","1960","6","0.00052","0.00052","0.50","97211","51","97186","6163943","63.41"
"1118","1960","7","0.00046","0.00046","0.50","97161","45","97138","6066757","62.44"
"1119","1960","8","0.00051","0.00051","0.50","97116","49","97091","5969618","61.47"
"1120","1960","9","0.00029","0.00029","0.50","97066","28","97052","5872527","60.50"
"1121","1960","10","0.00047","0.00047","0.50","97038","45","97016","5775475","59.52"
"1122","1960","11","0.00049","0.00049","0.50","96993","47","96969","5678460","58.55"
"1123","1960","12","0.00038","0.00038","0.50","96945","37","96927","5581490","57.57"
"1124","1960","13","0.00063","0.00063","0.50","96908","61","96878","5484564","56.60"
"1125","1960","14","0.00039","0.00039","0.50","96848","38","96829","5387686","55.63"
"1126","1960","15","0.00053","0.00053","0.50","96810","51","96784","5290857","54.65"
"1127","1960","16","0.00083","0.00083","0.50","96758","80","96719","5194073","53.68"
"1128","1960","17","0.00122","0.00122","0.50","96679","118","96620","5097354","52.72"
"1129","1960","18","0.00173","0.00172","0.50","96561","166","96477","5000734","51.79"
"1130","1960","19","0.00176","0.00176","0.50","96394","170","96309","4904257","50.88"
"1131","1960","20","0.00169","0.00169","0.50","96225","163","96143","4807947","49.97"
"1132","1960","21","0.00200","0.00200","0.50","96062","192","95966","4711804","49.05"
"1133","1960","22","0.00169","0.00169","0.50","95870","162","95789","4615838","48.15"
"1134","1960","23","0.00205","0.00204","0.50","95708","196","95611","4520049","47.23"
"1135","1960","24","0.00170","0.00170","0.50","95513","162","95432","4424439","46.32"
"1136","1960","25","0.00164","0.00164","0.50","95351","157","95272","4329007","45.40"
"1137","1960","26","0.00194","0.00194","0.50","95194","184","95102","4233735","44.47"
"1138","1960","27","0.00164","0.00164","0.50","95010","156","94932","4138633","43.56"
"1139","1960","28","0.00167","0.00167","0.50","94854","159","94775","4043701","42.63"
"1140","1960","29","0.00170","0.00170","0.50","94695","161","94615","3948926","41.70"
"1141","1960","30","0.00165","0.00165","0.50","94534","156","94456","3854312","40.77"
"1142","1960","31","0.00155","0.00155","0.50","94379","147","94305","3759855","39.84"
"1143","1960","32","0.00166","0.00165","0.50","94232","156","94154","3665550","38.90"
"1144","1960","33","0.00217","0.00217","0.50","94076","204","93974","3571396","37.96"
"1145","1960","34","0.00215","0.00214","0.50","93872","201","93772","3477421","37.04"
"1146","1960","35","0.00208","0.00208","0.50","93671","195","93574","3383650","36.12"
"1147","1960","36","0.00217","0.00217","0.50","93476","202","93375","3290076","35.20"
"1148","1960","37","0.00232","0.00232","0.50","93274","216","93165","3196702","34.27"
"1149","1960","38","0.00260","0.00260","0.50","93057","242","92936","3103536","33.35"
"1150","1960","39","0.00284","0.00283","0.50","92816","263","92684","3010600","32.44"
"1151","1960","40","0.00343","0.00343","0.50","92552","317","92394","2917916","31.53"
"1152","1960","41","0.00309","0.00309","0.50","92235","285","92093","2825522","30.63"
"1153","1960","42","0.00347","0.00346","0.50","91951","318","91792","2733429","29.73"
"1154","1960","43","0.00366","0.00365","0.50","91633","335","91465","2641637","28.83"
"1155","1960","44","0.00362","0.00361","0.50","91298","330","91133","2550172","27.93"
"1156","1960","45","0.00483","0.00481","0.50","90968","438","90749","2459039","27.03"
"1157","1960","46","0.00497","0.00496","0.50","90530","449","90306","2368290","26.16"
"1158","1960","47","0.00515","0.00514","0.50","90082","463","89850","2277984","25.29"
"1159","1960","48","0.00616","0.00614","0.50","89619","550","89343","2188134","24.42"
"1160","1960","49","0.00655","0.00652","0.50","89068","581","88778","2098791","23.56"
"1161","1960","50","0.00707","0.00705","0.50","88487","624","88175","2010013","22.72"
"1162","1960","51","0.00841","0.00837","0.50","87863","736","87496","1921838","21.87"
"1163","1960","52","0.00952","0.00948","0.50","87128","826","86715","1834342","21.05"
"1164","1960","53","0.01111","0.01105","0.50","86302","953","85825","1747627","20.25"
"1165","1960","54","0.01168","0.01161","0.50","85349","991","84853","1661802","19.47"
"1166","1960","55","0.01413","0.01403","0.50","84358","1184","83766","1576949","18.69"
"1167","1960","56","0.01421","0.01411","0.50","83174","1174","82587","1493183","17.95"
"1168","1960","57","0.01693","0.01679","0.50","82000","1377","81312","1410596","17.20"
"1169","1960","58","0.01923","0.01905","0.50","80623","1536","79855","1329285","16.49"
"1170","1960","59","0.02176","0.02153","0.50","79087","1702","78236","1249430","15.80"
"1171","1960","60","0.02305","0.02278","0.50","77385","1763","76503","1171194","15.13"
"1172","1960","61","0.02578","0.02546","0.50","75622","1925","74659","1094690","14.48"
"1173","1960","62","0.02850","0.02810","0.50","73697","2071","72661","1020031","13.84"
"1174","1960","63","0.03190","0.03140","0.50","71626","2249","70501","947370","13.23"
"1175","1960","64","0.03420","0.03362","0.50","69377","2333","68210","876869","12.64"
"1176","1960","65","0.03504","0.03444","0.50","67044","2309","65889","808658","12.06"
"1177","1960","66","0.03901","0.03827","0.50","64735","2477","63496","742769","11.47"
"1178","1960","67","0.04355","0.04262","0.50","62258","2654","60931","679273","10.91"
"1179","1960","68","0.05006","0.04884","0.50","59604","2911","58149","618342","10.37"
"1180","1960","69","0.05160","0.05030","0.50","56693","2852","55267","560193","9.88"
"1181","1960","70","0.05524","0.05375","0.50","53842","2894","52395","504926","9.38"
"1182","1960","71","0.06026","0.05849","0.50","50948","2980","49458","452531","8.88"
"1183","1960","72","0.06843","0.06617","0.50","47967","3174","46381","403073","8.40"
"1184","1960","73","0.07217","0.06965","0.50","44794","3120","43234","356693","7.96"
"1185","1960","74","0.07477","0.07207","0.50","41674","3003","40172","313459","7.52"
"1186","1960","75","0.08053","0.07741","0.50","38670","2994","37173","273287","7.07"
"1187","1960","76","0.08854","0.08479","0.50","35677","3025","34164","236114","6.62"
"1188","1960","77","0.10490","0.09967","0.50","32652","3255","31024","201950","6.18"
"1189","1960","78","0.11032","0.10456","0.50","29397","3074","27860","170925","5.81"
"1190","1960","79","0.12396","0.11673","0.50","26323","3073","24787","143065","5.43"
"1191","1960","80","0.14256","0.13308","0.50","23251","3094","21704","118278","5.09"
"1192","1960","81","0.15797","0.14640","0.50","20157","2951","18681","96574","4.79"
"1193","1960","82","0.15739","0.14590","0.50","17206","2510","15950","77893","4.53"
"1194","1960","83","0.17724","0.16281","0.50","14695","2392","13499","61943","4.22"
"1195","1960","84","0.20127","0.18286","0.50","12303","2250","11178","48444","3.94"
"1196","1960","85","0.20376","0.18492","0.50","10053","1859","9124","37266","3.71"
"1197","1960","86","0.22966","0.20600","0.50","8194","1688","7350","28142","3.43"
"1198","1960","87","0.23617","0.21123","0.50","6506","1374","5819","20792","3.20"
"1199","1960","88","0.30363","0.26361","0.50","5132","1353","4455","14973","2.92"
"1200","1960","89","0.30856","0.26732","0.50","3779","1010","3274","10518","2.78"
"1201","1960","90","0.34845","0.29675","0.50","2769","822","2358","7244","2.62"
"1202","1960","91","0.33148","0.28435","0.50","1947","554","1670","4886","2.51"
"1203","1960","92","0.40777","0.33871","0.50","1393","472","1157","3216","2.31"
"1204","1960","93","0.40544","0.33710","0.50","921","311","766","2058","2.23"
"1205","1960","94","0.43273","0.35575","0.50","611","217","502","1292","2.12"
"1206","1960","95","0.46043","0.37427","0.50","394","147","320","790","2.01"
"1207","1960","96","0.48838","0.39253","0.50","246","97","198","470","1.91"
"1208","1960","97","0.51641","0.41043","0.50","150","61","119","272","1.82"
"1209","1960","98","0.54433","0.42788","0.50","88","38","69","153","1.74"
"1210","1960","99","0.57198","0.44478","0.50","50","22","39","84","1.67"
"1211","1960","100","0.59918","0.46105","0.50","28","13","22","45","1.60"
"1212","1960","101","0.62579","0.47665","0.50","15","7","12","23","1.54"
"1213","1960","102","0.65165","0.49151","0.50","8","4","6","12","1.48"
"1214","1960","103","0.67665","0.50560","0.50","4","2","3","6","1.43"
"1215","1960","104","0.70069","0.51890","0.50","2","1","1","3","1.39"
"1216","1960","105","0.72366","0.53139","0.50","1","1","1","1","1.35"
"1217","1960","106","0.74551","0.54308","0.50","0","0","0","1","1.31"
"1218","1960","107","0.76620","0.55397","0.50","0","0","0","0","1.28"
"1219","1960","108","0.78568","0.56409","0.50","0","0","0","0","1.26"
"1220","1960","109","0.80396","0.57345","0.50","0","0","0","0","1.23"
"1221","1960","110+","0.82103","1.00000","1.22","0","0","0","0","1.22"
"1222","1961","0","0.02312","0.02265","0.10","100000","2265","97970","6761474","67.61"
"1223","1961","1","0.00194","0.00194","0.50","97735","190","97640","6663504","68.18"
"1224","1961","2","0.00103","0.00103","0.50","97546","101","97495","6565864","67.31"
"1225","1961","3","0.00101","0.00101","0.50","97445","99","97395","6468369","66.38"
"1226","1961","4","0.00076","0.00076","0.50","97346","74","97309","6370973","65.45"
"1227","1961","5","0.00075","0.00075","0.50","97272","73","97236","6273664","64.50"
"1228","1961","6","0.00057","0.00057","0.50","97200","56","97172","6176428","63.54"
"1229","1961","7","0.00062","0.00062","0.50","97144","60","97114","6079257","62.58"
"1230","1961","8","0.00059","0.00059","0.50","97084","58","97055","5982142","61.62"
"1231","1961","9","0.00059","0.00059","0.50","97027","57","96998","5885087","60.65"
"1232","1961","10","0.00039","0.00039","0.50","96970","38","96951","5788089","59.69"
"1233","1961","11","0.00042","0.00042","0.50","96932","41","96911","5691138","58.71"
"1234","1961","12","0.00043","0.00043","0.50","96891","42","96870","5594227","57.74"
"1235","1961","13","0.00036","0.00036","0.50","96849","35","96831","5497357","56.76"
"1236","1961","14","0.00063","0.00063","0.50","96814","61","96784","5400526","55.78"
"1237","1961","15","0.00065","0.00065","0.50","96753","63","96722","5303742","54.82"
"1238","1961","16","0.00091","0.00091","0.50","96690","88","96646","5207020","53.85"
"1239","1961","17","0.00147","0.00147","0.50","96602","142","96531","5110374","52.90"
"1240","1961","18","0.00183","0.00183","0.50","96460","176","96372","5013842","51.98"
"1241","1961","19","0.00148","0.00148","0.50","96284","142","96213","4917470","51.07"
"1242","1961","20","0.00163","0.00163","0.50","96142","156","96063","4821257","50.15"
"1243","1961","21","0.00182","0.00182","0.50","95985","175","95898","4725194","49.23"
"1244","1961","22","0.00155","0.00155","0.50","95811","149","95736","4629296","48.32"
"1245","1961","23","0.00180","0.00179","0.50","95662","172","95576","4533560","47.39"
"1246","1961","24","0.00138","0.00138","0.50","95490","131","95425","4437984","46.48"
"1247","1961","25","0.00141","0.00141","0.50","95359","135","95292","4342559","45.54"
"1248","1961","26","0.00154","0.00154","0.50","95224","147","95151","4247267","44.60"
"1249","1961","27","0.00162","0.00162","0.50","95078","154","95001","4152116","43.67"
"1250","1961","28","0.00156","0.00156","0.50","94924","148","94849","4057115","42.74"
"1251","1961","29","0.00157","0.00157","0.50","94775","149","94701","3962266","41.81"
"1252","1961","30","0.00187","0.00187","0.50","94627","177","94538","3867565","40.87"
"1253","1961","31","0.00161","0.00161","0.50","94450","152","94374","3773027","39.95"
"1254","1961","32","0.00188","0.00188","0.50","94298","177","94209","3678653","39.01"
"1255","1961","33","0.00160","0.00160","0.50","94121","151","94045","3584444","38.08"
"1256","1961","34","0.00233","0.00232","0.50","93970","218","93861","3490398","37.14"
"1257","1961","35","0.00202","0.00202","0.50","93752","189","93657","3396537","36.23"
"1258","1961","36","0.00190","0.00190","0.50","93562","178","93473","3302881","35.30"
"1259","1961","37","0.00256","0.00256","0.50","93385","239","93265","3209407","34.37"
"1260","1961","38","0.00245","0.00244","0.50","93146","228","93032","3116142","33.45"
"1261","1961","39","0.00289","0.00289","0.50","92918","268","92784","3023110","32.54"
"1262","1961","40","0.00281","0.00280","0.50","92650","260","92520","2930326","31.63"
"1263","1961","41","0.00330","0.00330","0.50","92390","305","92238","2837806","30.72"
"1264","1961","42","0.00319","0.00319","0.50","92085","293","91939","2745568","29.82"
"1265","1961","43","0.00390","0.00389","0.50","91792","357","91614","2653630","28.91"
"1266","1961","44","0.00424","0.00423","0.50","91435","387","91242","2562016","28.02"
"1267","1961","45","0.00411","0.00410","0.50","91048","373","90862","2470774","27.14"
"1268","1961","46","0.00462","0.00461","0.50","90675","418","90466","2379913","26.25"
"1269","1961","47","0.00490","0.00488","0.50","90257","441","90037","2289447","25.37"
"1270","1961","48","0.00614","0.00612","0.50","89817","550","89542","2199410","24.49"
"1271","1961","49","0.00649","0.00646","0.50","89267","577","88978","2109868","23.64"
"1272","1961","50","0.00761","0.00758","0.50","88690","672","88354","2020890","22.79"
"1273","1961","51","0.00821","0.00818","0.50","88018","720","87658","1932536","21.96"
"1274","1961","52","0.00899","0.00895","0.50","87298","781","86907","1844878","21.13"
"1275","1961","53","0.01006","0.01001","0.50","86517","866","86084","1757971","20.32"
"1276","1961","54","0.01122","0.01115","0.50","85651","955","85173","1671888","19.52"
"1277","1961","55","0.01226","0.01218","0.50","84695","1032","84179","1586715","18.73"
"1278","1961","56","0.01456","0.01446","0.50","83663","1210","83059","1502535","17.96"
"1279","1961","57","0.01533","0.01521","0.50","82454","1254","81827","1419477","17.22"
"1280","1961","58","0.01905","0.01887","0.50","81199","1533","80433","1337650","16.47"
"1281","1961","59","0.02093","0.02071","0.50","79667","1650","78842","1257217","15.78"
"1282","1961","60","0.02375","0.02347","0.50","78017","1831","77101","1178375","15.10"
"1283","1961","61","0.02683","0.02647","0.50","76186","2017","75177","1101274","14.46"
"1284","1961","62","0.02782","0.02744","0.50","74169","2035","73152","1026096","13.83"
"1285","1961","63","0.03012","0.02967","0.50","72134","2140","71064","952945","13.21"
"1286","1961","64","0.03291","0.03238","0.50","69994","2266","68861","881881","12.60"
"1287","1961","65","0.03567","0.03505","0.50","67728","2374","66541","813020","12.00"
"1288","1961","66","0.04140","0.04056","0.50","65354","2651","64029","746478","11.42"
"1289","1961","67","0.04586","0.04483","0.50","62703","2811","61298","682450","10.88"
"1290","1961","68","0.04875","0.04759","0.50","59892","2850","58467","621152","10.37"
"1291","1961","69","0.05115","0.04987","0.50","57042","2845","55619","562685","9.86"
"1292","1961","70","0.05521","0.05372","0.50","54197","2912","52741","507066","9.36"
"1293","1961","71","0.05984","0.05810","0.50","51285","2980","49796","454325","8.86"
"1294","1961","72","0.06517","0.06311","0.50","48306","3049","46782","404529","8.37"
"1295","1961","73","0.07861","0.07564","0.50","45257","3423","43546","357747","7.90"
"1296","1961","74","0.07844","0.07548","0.50","41834","3158","40255","314202","7.51"
"1297","1961","75","0.08462","0.08119","0.50","38676","3140","37106","273947","7.08"
"1298","1961","76","0.09016","0.08627","0.50","35536","3066","34003","236841","6.66"
"1299","1961","77","0.09863","0.09399","0.50","32470","3052","30944","202837","6.25"
"1300","1961","78","0.11148","0.10560","0.50","29418","3107","27865","171893","5.84"
"1301","1961","79","0.12500","0.11764","0.50","26312","3095","24764","144028","5.47"
"1302","1961","80","0.13065","0.12263","0.50","23216","2847","21793","119264","5.14"
"1303","1961","81","0.15059","0.14005","0.50","20369","2853","18943","97471","4.79"
"1304","1961","82","0.16308","0.15079","0.50","17517","2641","16196","78528","4.48"
"1305","1961","83","0.19215","0.17531","0.50","14875","2608","13571","62332","4.19"
"1306","1961","84","0.19126","0.17456","0.50","12268","2141","11197","48760","3.97"
"1307","1961","85","0.22013","0.19831","0.50","10126","2008","9122","37563","3.71"
"1308","1961","86","0.21301","0.19251","0.50","8118","1563","7337","28441","3.50"
"1309","1961","87","0.26030","0.23032","0.50","6555","1510","5800","21105","3.22"
"1310","1961","88","0.25949","0.22969","0.50","5045","1159","4466","15304","3.03"
"1311","1961","89","0.32573","0.28011","0.50","3887","1089","3342","10838","2.79"
"1312","1961","90","0.33189","0.28465","0.50","2798","796","2400","7496","2.68"
"1313","1961","91","0.35001","0.29788","0.50","2001","596","1703","5096","2.55"
"1314","1961","92","0.35173","0.29913","0.50","1405","420","1195","3393","2.41"
"1315","1961","93","0.40539","0.33707","0.50","985","332","819","2198","2.23"
"1316","1961","94","0.43311","0.35601","0.50","653","232","537","1379","2.11"
"1317","1961","95","0.46126","0.37481","0.50","420","158","342","842","2.00"
"1318","1961","96","0.48965","0.39335","0.50","263","103","211","500","1.90"
"1319","1961","97","0.51811","0.41151","0.50","159","66","127","289","1.81"
"1320","1961","98","0.54645","0.42919","0.50","94","40","74","163","1.73"
"1321","1961","99","0.57450","0.44630","0.50","54","24","42","89","1.66"
"1322","1961","100","0.60208","0.46277","0.50","30","14","23","47","1.59"
"1323","1961","101","0.62902","0.47852","0.50","16","8","12","24","1.53"
"1324","1961","102","0.65518","0.49351","0.50","8","4","6","12","1.48"
"1325","1961","103","0.68043","0.50770","0.50","4","2","3","6","1.43"
"1326","1961","104","0.70467","0.52108","0.50","2","1","2","3","1.38"
"1327","1961","105","0.72781","0.53362","0.50","1","1","1","1","1.34"
"1328","1961","106","0.74977","0.54533","0.50","0","0","0","1","1.31"
"1329","1961","107","0.77053","0.55623","0.50","0","0","0","0","1.28"
"1330","1961","108","0.79004","0.56633","0.50","0","0","0","0","1.25"
"1331","1961","109","0.80831","0.57565","0.50","0","0","0","0","1.23"
"1332","1961","110+","0.82534","1.00000","1.21","0","0","0","0","1.21"
"1333","1962","0","0.02436","0.02384","0.11","100000","2384","97873","6686722","66.87"
"1334","1962","1","0.00206","0.00206","0.50","97616","201","97515","6588850","67.50"
"1335","1962","2","0.00121","0.00121","0.50","97415","118","97356","6491334","66.64"
"1336","1962","3","0.00077","0.00077","0.50","97297","74","97260","6393978","65.72"
"1337","1962","4","0.00069","0.00069","0.50","97223","67","97190","6296718","64.77"
"1338","1962","5","0.00068","0.00068","0.50","97156","66","97123","6199528","63.81"
"1339","1962","6","0.00066","0.00066","0.50","97090","64","97058","6102405","62.85"
"1340","1962","7","0.00093","0.00093","0.50","97026","90","96981","6005347","61.89"
"1341","1962","8","0.00057","0.00057","0.50","96935","55","96908","5908367","60.95"
"1342","1962","9","0.00054","0.00053","0.50","96880","52","96854","5811459","59.99"
"1343","1962","10","0.00048","0.00047","0.50","96828","46","96805","5714605","59.02"
"1344","1962","11","0.00036","0.00036","0.50","96782","35","96765","5617800","58.05"
"1345","1962","12","0.00047","0.00047","0.50","96748","45","96725","5521035","57.07"
"1346","1962","13","0.00041","0.00041","0.50","96703","40","96683","5424310","56.09"
"1347","1962","14","0.00050","0.00050","0.50","96663","48","96639","5327627","55.12"
"1348","1962","15","0.00073","0.00073","0.50","96614","71","96579","5230988","54.14"
"1349","1962","16","0.00071","0.00071","0.50","96544","69","96509","5134409","53.18"
"1350","1962","17","0.00126","0.00125","0.50","96475","121","96415","5037900","52.22"
"1351","1962","18","0.00165","0.00165","0.50","96354","159","96274","4941485","51.28"
"1352","1962","19","0.00156","0.00156","0.50","96195","150","96120","4845211","50.37"
"1353","1962","20","0.00154","0.00154","0.50","96045","148","95971","4749091","49.45"
"1354","1962","21","0.00177","0.00176","0.50","95897","169","95812","4653120","48.52"
"1355","1962","22","0.00171","0.00171","0.50","95727","164","95645","4557308","47.61"
"1356","1962","23","0.00168","0.00168","0.50","95563","160","95483","4461663","46.69"
"1357","1962","24","0.00180","0.00180","0.50","95403","172","95317","4366180","45.77"
"1358","1962","25","0.00183","0.00183","0.50","95232","175","95144","4270862","44.85"
"1359","1962","26","0.00162","0.00161","0.50","95057","153","94980","4175718","43.93"
"1360","1962","27","0.00165","0.00165","0.50","94904","156","94825","4080738","43.00"
"1361","1962","28","0.00153","0.00153","0.50","94747","145","94675","3985912","42.07"
"1362","1962","29","0.00159","0.00158","0.50","94602","150","94527","3891238","41.13"
"1363","1962","30","0.00147","0.00146","0.50","94453","138","94383","3796710","40.20"
"1364","1962","31","0.00181","0.00181","0.50","94314","170","94229","3702327","39.26"
"1365","1962","32","0.00163","0.00163","0.50","94144","153","94067","3608098","38.33"
"1366","1962","33","0.00198","0.00197","0.50","93991","186","93898","3514030","37.39"
"1367","1962","34","0.00198","0.00198","0.50","93805","186","93712","3420132","36.46"
"1368","1962","35","0.00199","0.00199","0.50","93619","186","93526","3326420","35.53"
"1369","1962","36","0.00230","0.00230","0.50","93433","215","93326","3232894","34.60"
"1370","1962","37","0.00220","0.00220","0.50","93219","205","93116","3139568","33.68"
"1371","1962","38","0.00261","0.00261","0.50","93013","243","92892","3046452","32.75"
"1372","1962","39","0.00273","0.00272","0.50","92770","253","92644","2953560","31.84"
"1373","1962","40","0.00286","0.00286","0.50","92518","264","92386","2860916","30.92"
"1374","1962","41","0.00333","0.00333","0.50","92254","307","92100","2768530","30.01"
"1375","1962","42","0.00343","0.00343","0.50","91947","315","91789","2676430","29.11"
"1376","1962","43","0.00359","0.00358","0.50","91632","328","91468","2584641","28.21"
"1377","1962","44","0.00389","0.00388","0.50","91304","354","91127","2493174","27.31"
"1378","1962","45","0.00421","0.00420","0.50","90949","382","90759","2402047","26.41"
"1379","1962","46","0.00496","0.00495","0.50","90568","448","90344","2311288","25.52"
"1380","1962","47","0.00576","0.00575","0.50","90119","518","89861","2220945","24.64"
"1381","1962","48","0.00562","0.00560","0.50","89602","502","89351","2131084","23.78"
"1382","1962","49","0.00656","0.00654","0.50","89100","582","88808","2041734","22.92"
"1383","1962","50","0.00770","0.00767","0.50","88517","679","88178","1952925","22.06"
"1384","1962","51","0.00887","0.00883","0.50","87839","776","87451","1864747","21.23"
"1385","1962","52","0.00955","0.00950","0.50","87063","827","86649","1777296","20.41"
"1386","1962","53","0.01133","0.01126","0.50","86236","971","85750","1690647","19.60"
"1387","1962","54","0.01226","0.01219","0.50","85264","1039","84745","1604897","18.82"
"1388","1962","55","0.01414","0.01404","0.50","84225","1182","83634","1520152","18.05"
"1389","1962","56","0.01505","0.01493","0.50","83043","1240","82423","1436518","17.30"
"1390","1962","57","0.01708","0.01693","0.50","81803","1385","81110","1354095","16.55"
"1391","1962","58","0.01954","0.01935","0.50","80418","1556","79640","1272985","15.83"
"1392","1962","59","0.02224","0.02199","0.50","78861","1734","77994","1193345","15.13"
"1393","1962","60","0.02494","0.02463","0.50","77127","1900","76177","1115351","14.46"
"1394","1962","61","0.02715","0.02679","0.50","75227","2015","74220","1039174","13.81"
"1395","1962","62","0.03031","0.02986","0.50","73212","2186","72119","964954","13.18"
"1396","1962","63","0.03280","0.03227","0.50","71026","2292","69880","892836","12.57"
"1397","1962","64","0.03551","0.03489","0.50","68734","2398","67534","822956","11.97"
"1398","1962","65","0.03922","0.03846","0.50","66335","2552","65060","755421","11.39"
"1399","1962","66","0.04340","0.04248","0.50","63784","2709","62429","690362","10.82"
"1400","1962","67","0.04685","0.04578","0.50","61074","2796","59676","627933","10.28"
"1401","1962","68","0.05271","0.05135","0.50","58279","2993","56782","568256","9.75"
"1402","1962","69","0.05353","0.05213","0.50","55286","2882","53845","511474","9.25"
"1403","1962","70","0.06282","0.06091","0.50","52403","3192","50808","457630","8.73"
"1404","1962","71","0.06429","0.06229","0.50","49212","3065","47679","406822","8.27"
"1405","1962","72","0.07454","0.07186","0.50","46146","3316","44488","359143","7.78"
"1406","1962","73","0.07860","0.07563","0.50","42830","3239","41211","314654","7.35"
"1407","1962","74","0.08828","0.08455","0.50","39591","3347","37918","273444","6.91"
"1408","1962","75","0.09697","0.09248","0.50","36244","3352","34568","235526","6.50"
"1409","1962","76","0.10640","0.10103","0.50","32892","3323","31230","200958","6.11"
"1410","1962","77","0.12032","0.11349","0.50","29569","3356","27891","169728","5.74"
"1411","1962","78","0.12410","0.11685","0.50","26213","3063","24682","141837","5.41"
"1412","1962","79","0.14003","0.13086","0.50","23150","3030","21635","117155","5.06"
"1413","1962","80","0.15457","0.14348","0.50","20121","2887","18677","95520","4.75"
"1414","1962","81","0.15665","0.14527","0.50","17234","2504","15982","76843","4.46"
"1415","1962","82","0.18395","0.16845","0.50","14730","2481","13489","60861","4.13"
"1416","1962","83","0.19012","0.17362","0.50","12249","2127","11185","47372","3.87"
"1417","1962","84","0.22356","0.20108","0.50","10122","2035","9104","36186","3.58"
"1418","1962","85","0.23382","0.20935","0.50","8087","1693","7240","27082","3.35"
"1419","1962","86","0.26729","0.23578","0.50","6394","1508","5640","19842","3.10"
"1420","1962","87","0.28242","0.24748","0.50","4886","1209","4282","14202","2.91"
"1421","1962","88","0.32785","0.28167","0.50","3677","1036","3159","9920","2.70"
"1422","1962","89","0.33697","0.28838","0.50","2641","762","2260","6761","2.56"
"1423","1962","90","0.35503","0.30151","0.50","1880","567","1596","4501","2.39"
"1424","1962","91","0.41597","0.34435","0.50","1313","452","1087","2904","2.21"
"1425","1962","92","0.43394","0.35657","0.50","861","307","707","1817","2.11"
"1426","1962","93","0.45826","0.37283","0.50","554","206","451","1110","2.00"
"1427","1962","94","0.48872","0.39275","0.50","347","136","279","660","1.90"
"1428","1962","95","0.51927","0.41224","0.50","211","87","167","380","1.80"
"1429","1962","96","0.54968","0.43117","0.50","124","53","97","213","1.72"
"1430","1962","97","0.57971","0.44944","0.50","71","32","55","116","1.64"
"1431","1962","98","0.60917","0.46695","0.50","39","18","30","61","1.57"
"1432","1962","99","0.63785","0.48362","0.50","21","10","16","31","1.51"
"1433","1962","100","0.66559","0.49939","0.50","11","5","8","16","1.45"
"1434","1962","101","0.69222","0.51424","0.50","5","3","4","8","1.40"
"1435","1962","102","0.71764","0.52813","0.50","3","1","2","4","1.36"
"1436","1962","103","0.74174","0.54107","0.50","1","1","1","2","1.32"
"1437","1962","104","0.76445","0.55306","0.50","1","0","0","1","1.28"
"1438","1962","105","0.78575","0.56412","0.50","0","0","0","0","1.25"
"1439","1962","106","0.80561","0.57428","0.50","0","0","0","0","1.22"
"1440","1962","107","0.82404","0.58359","0.50","0","0","0","0","1.20"
"1441","1962","108","0.84107","0.59208","0.50","0","0","0","0","1.18"
"1442","1962","109","0.85673","0.59980","0.50","0","0","0","0","1.16"
"1443","1962","110+","0.87109","1.00000","1.15","0","0","0","0","1.15"
"1444","1963","0","0.02402","0.02352","0.11","100000","2352","97899","6725468","67.25"
"1445","1963","1","0.00188","0.00188","0.50","97648","184","97556","6627569","67.87"
"1446","1963","2","0.00123","0.00123","0.50","97465","120","97405","6530013","67.00"
"1447","1963","3","0.00077","0.00077","0.50","97345","75","97307","6432608","66.08"
"1448","1963","4","0.00066","0.00066","0.50","97270","64","97238","6335301","65.13"
"1449","1963","5","0.00058","0.00058","0.50","97206","56","97178","6238063","64.17"
"1450","1963","6","0.00057","0.00057","0.50","97149","55","97122","6140885","63.21"
"1451","1963","7","0.00049","0.00049","0.50","97094","48","97070","6043764","62.25"
"1452","1963","8","0.00047","0.00047","0.50","97046","45","97024","5946693","61.28"
"1453","1963","9","0.00040","0.00040","0.50","97001","39","96982","5849670","60.31"
"1454","1963","10","0.00040","0.00040","0.50","96962","38","96943","5752688","59.33"
"1455","1963","11","0.00049","0.00049","0.50","96924","47","96900","5655745","58.35"
"1456","1963","12","0.00066","0.00066","0.50","96876","64","96845","5558845","57.38"
"1457","1963","13","0.00057","0.00057","0.50","96813","55","96785","5462001","56.42"
"1458","1963","14","0.00051","0.00051","0.50","96757","50","96733","5365216","55.45"
"1459","1963","15","0.00066","0.00066","0.50","96708","64","96676","5268483","54.48"
"1460","1963","16","0.00066","0.00066","0.50","96644","64","96612","5171807","53.51"
"1461","1963","17","0.00140","0.00140","0.50","96580","135","96512","5075195","52.55"
"1462","1963","18","0.00171","0.00171","0.50","96445","165","96362","4978683","51.62"
"1463","1963","19","0.00158","0.00158","0.50","96280","152","96204","4882321","50.71"
"1464","1963","20","0.00153","0.00153","0.50","96128","147","96054","4786117","49.79"
"1465","1963","21","0.00194","0.00194","0.50","95981","186","95888","4690063","48.86"
"1466","1963","22","0.00177","0.00177","0.50","95795","169","95710","4594175","47.96"
"1467","1963","23","0.00178","0.00178","0.50","95625","170","95540","4498465","47.04"
"1468","1963","24","0.00177","0.00177","0.50","95455","169","95371","4402925","46.13"
"1469","1963","25","0.00159","0.00159","0.50","95286","151","95211","4307554","45.21"
"1470","1963","26","0.00162","0.00162","0.50","95135","154","95058","4212344","44.28"
"1471","1963","27","0.00148","0.00147","0.50","94981","140","94911","4117286","43.35"
"1472","1963","28","0.00185","0.00185","0.50","94841","175","94753","4022375","42.41"
"1473","1963","29","0.00152","0.00152","0.50","94666","144","94594","3927622","41.49"
"1474","1963","30","0.00188","0.00188","0.50","94522","178","94433","3833028","40.55"
"1475","1963","31","0.00169","0.00169","0.50","94344","159","94264","3738595","39.63"
"1476","1963","32","0.00202","0.00202","0.50","94185","191","94090","3644330","38.69"
"1477","1963","33","0.00192","0.00192","0.50","93994","181","93904","3550241","37.77"
"1478","1963","34","0.00208","0.00207","0.50","93814","194","93716","3456337","36.84"
"1479","1963","35","0.00224","0.00224","0.50","93619","209","93514","3362621","35.92"
"1480","1963","36","0.00223","0.00222","0.50","93410","208","93306","3269106","35.00"
"1481","1963","37","0.00252","0.00252","0.50","93202","235","93085","3175800","34.07"
"1482","1963","38","0.00239","0.00239","0.50","92967","222","92856","3082716","33.16"
"1483","1963","39","0.00257","0.00256","0.50","92745","238","92626","2989859","32.24"
"1484","1963","40","0.00348","0.00348","0.50","92507","322","92347","2897233","31.32"
"1485","1963","41","0.00301","0.00301","0.50","92186","277","92047","2804886","30.43"
"1486","1963","42","0.00344","0.00343","0.50","91908","315","91751","2712839","29.52"
"1487","1963","43","0.00416","0.00415","0.50","91593","380","91403","2621089","28.62"
"1488","1963","44","0.00421","0.00420","0.50","91213","383","91021","2529686","27.73"
"1489","1963","45","0.00371","0.00371","0.50","90830","337","90662","2438664","26.85"
"1490","1963","46","0.00538","0.00536","0.50","90493","485","90251","2348003","25.95"
"1491","1963","47","0.00536","0.00535","0.50","90008","481","89767","2257752","25.08"
"1492","1963","48","0.00658","0.00656","0.50","89527","587","89233","2167985","24.22"
"1493","1963","49","0.00599","0.00597","0.50","88939","531","88674","2078752","23.37"
"1494","1963","50","0.00748","0.00745","0.50","88409","659","88079","1990078","22.51"
"1495","1963","51","0.00881","0.00878","0.50","87750","770","87365","1901999","21.68"
"1496","1963","52","0.00945","0.00941","0.50","86980","818","86571","1814634","20.86"
"1497","1963","53","0.01029","0.01023","0.50","86162","882","85721","1728063","20.06"
"1498","1963","54","0.01242","0.01235","0.50","85280","1053","84753","1642343","19.26"
"1499","1963","55","0.01284","0.01275","0.50","84227","1074","83690","1557589","18.49"
"1500","1963","56","0.01497","0.01486","0.50","83153","1236","82535","1473900","17.73"
"1501","1963","57","0.01601","0.01589","0.50","81917","1301","81266","1391365","16.99"
"1502","1963","58","0.01917","0.01899","0.50","80616","1531","79850","1310098","16.25"
"1503","1963","59","0.02201","0.02177","0.50","79085","1722","78224","1230248","15.56"
"1504","1963","60","0.02382","0.02354","0.50","77363","1821","76452","1152024","14.89"
"1505","1963","61","0.02651","0.02616","0.50","75542","1976","74554","1075572","14.24"
"1506","1963","62","0.02896","0.02855","0.50","73566","2100","72516","1001018","13.61"
"1507","1963","63","0.03174","0.03124","0.50","71466","2233","70349","928502","12.99"
"1508","1963","64","0.03582","0.03519","0.50","69233","2436","68015","858153","12.40"
"1509","1963","65","0.03815","0.03743","0.50","66797","2500","65546","790138","11.83"
"1510","1963","66","0.04150","0.04066","0.50","64296","2614","62989","724592","11.27"
"1511","1963","67","0.04571","0.04469","0.50","61682","2756","60304","661603","10.73"
"1512","1963","68","0.04980","0.04859","0.50","58926","2863","57494","601299","10.20"
"1513","1963","69","0.05417","0.05274","0.50","56063","2957","54584","543805","9.70"
"1514","1963","70","0.05571","0.05420","0.50","53106","2878","51667","489220","9.21"
"1515","1963","71","0.06606","0.06395","0.50","50228","3212","48621","437554","8.71"
"1516","1963","72","0.07028","0.06790","0.50","47015","3192","45419","388932","8.27"
"1517","1963","73","0.07307","0.07049","0.50","43823","3089","42278","343513","7.84"
"1518","1963","74","0.08310","0.07979","0.50","40734","3250","39109","301234","7.40"
"1519","1963","75","0.09009","0.08621","0.50","37484","3232","35868","262126","6.99"
"1520","1963","76","0.09247","0.08838","0.50","34252","3027","32739","226258","6.61"
"1521","1963","77","0.10262","0.09761","0.50","31225","3048","29701","193519","6.20"
"1522","1963","78","0.11281","0.10679","0.50","28177","3009","26672","163818","5.81"
"1523","1963","79","0.12421","0.11695","0.50","25168","2943","23696","137146","5.45"
"1524","1963","80","0.13477","0.12626","0.50","22225","2806","20822","113449","5.10"
"1525","1963","81","0.14991","0.13946","0.50","19419","2708","18065","92628","4.77"
"1526","1963","82","0.15934","0.14759","0.50","16711","2466","15477","74563","4.46"
"1527","1963","83","0.19040","0.17385","0.50","14244","2476","13006","59086","4.15"
"1528","1963","84","0.19973","0.18159","0.50","11768","2137","10699","46080","3.92"
"1529","1963","85","0.22244","0.20018","0.50","9631","1928","8667","35380","3.67"
"1530","1963","86","0.23459","0.20996","0.50","7703","1617","6894","26713","3.47"
"1531","1963","87","0.26252","0.23206","0.50","6086","1412","5380","19819","3.26"
"1532","1963","88","0.27224","0.23962","0.50","4673","1120","4114","14439","3.09"
"1533","1963","89","0.30056","0.26129","0.50","3554","929","3089","10325","2.91"
"1534","1963","90","0.30477","0.26447","0.50","2625","694","2278","7236","2.76"
"1535","1963","91","0.33697","0.28838","0.50","1931","557","1652","4958","2.57"
"1536","1963","92","0.36710","0.31017","0.50","1374","426","1161","3306","2.41"
"1537","1963","93","0.39980","0.33319","0.50","948","316","790","2145","2.26"
"1538","1963","94","0.42655","0.35157","0.50","632","222","521","1355","2.14"
"1539","1963","95","0.45374","0.36984","0.50","410","152","334","834","2.03"
"1540","1963","96","0.48121","0.38788","0.50","258","100","208","500","1.94"
"1541","1963","97","0.50879","0.40561","0.50","158","64","126","292","1.84"
"1542","1963","98","0.53632","0.42291","0.50","94","40","74","166","1.76"
"1543","1963","99","0.56363","0.43971","0.50","54","24","42","92","1.69"
"1544","1963","100","0.59056","0.45593","0.50","30","14","23","49","1.62"
"1545","1963","101","0.61695","0.47150","0.50","17","8","13","26","1.56"
"1546","1963","102","0.64268","0.48638","0.50","9","4","7","13","1.50"
"1547","1963","103","0.66760","0.50053","0.50","4","2","3","7","1.45"
"1548","1963","104","0.69163","0.51391","0.50","2","1","2","3","1.41"
"1549","1963","105","0.71465","0.52652","0.50","1","1","1","1","1.37"
"1550","1963","106","0.73662","0.53834","0.50","1","0","0","1","1.33"
"1551","1963","107","0.75746","0.54939","0.50","0","0","0","0","1.30"
"1552","1963","108","0.77716","0.55968","0.50","0","0","0","0","1.27"
"1553","1963","109","0.79569","0.56923","0.50","0","0","0","0","1.25"
"1554","1963","110+","0.81305","1.00000","1.23","0","0","0","0","1.23"
"1555","1964","0","0.02214","0.02171","0.11","100000","2171","98057","6746417","67.46"
"1556","1964","1","0.00172","0.00171","0.50","97829","168","97745","6648360","67.96"
"1557","1964","2","0.00095","0.00095","0.50","97662","93","97615","6550615","67.07"
"1558","1964","3","0.00091","0.00091","0.50","97569","89","97525","6452999","66.14"
"1559","1964","4","0.00066","0.00066","0.50","97480","64","97448","6355475","65.20"
"1560","1964","5","0.00068","0.00068","0.50","97416","66","97383","6258027","64.24"
"1561","1964","6","0.00058","0.00058","0.50","97350","57","97322","6160644","63.28"
"1562","1964","7","0.00054","0.00054","0.50","97293","53","97267","6063322","62.32"
"1563","1964","8","0.00041","0.00041","0.50","97241","39","97221","5966055","61.35"
"1564","1964","9","0.00049","0.00049","0.50","97201","48","97177","5868834","60.38"
"1565","1964","10","0.00055","0.00055","0.50","97153","53","97127","5771657","59.41"
"1566","1964","11","0.00034","0.00034","0.50","97100","33","97084","5674530","58.44"
"1567","1964","12","0.00035","0.00035","0.50","97068","34","97050","5577446","57.46"
"1568","1964","13","0.00036","0.00036","0.50","97033","35","97016","5480396","56.48"
"1569","1964","14","0.00050","0.00050","0.50","96999","49","96974","5383380","55.50"
"1570","1964","15","0.00055","0.00055","0.50","96950","53","96923","5286405","54.53"
"1571","1964","16","0.00083","0.00083","0.50","96897","81","96857","5189482","53.56"
"1572","1964","17","0.00128","0.00128","0.50","96816","124","96754","5092625","52.60"
"1573","1964","18","0.00145","0.00145","0.50","96692","140","96622","4995871","51.67"
"1574","1964","19","0.00139","0.00139","0.50","96552","134","96485","4899249","50.74"
"1575","1964","20","0.00181","0.00181","0.50","96418","175","96331","4802764","49.81"
"1576","1964","21","0.00189","0.00188","0.50","96244","181","96153","4706433","48.90"
"1577","1964","22","0.00180","0.00180","0.50","96062","173","95976","4610280","47.99"
"1578","1964","23","0.00167","0.00167","0.50","95889","160","95809","4514304","47.08"
"1579","1964","24","0.00147","0.00146","0.50","95730","140","95659","4418495","46.16"
"1580","1964","25","0.00160","0.00160","0.50","95589","153","95513","4322835","45.22"
"1581","1964","26","0.00159","0.00159","0.50","95436","152","95361","4227322","44.29"
"1582","1964","27","0.00168","0.00168","0.50","95285","160","95205","4131962","43.36"
"1583","1964","28","0.00150","0.00150","0.50","95124","142","95053","4036757","42.44"
"1584","1964","29","0.00194","0.00194","0.50","94982","184","94890","3941704","41.50"
"1585","1964","30","0.00152","0.00152","0.50","94798","144","94726","3846814","40.58"
"1586","1964","31","0.00109","0.00109","0.50","94653","103","94602","3752088","39.64"
"1587","1964","32","0.00207","0.00207","0.50","94550","196","94452","3657487","38.68"
"1588","1964","33","0.00212","0.00212","0.50","94354","200","94254","3563035","37.76"
"1589","1964","34","0.00205","0.00205","0.50","94154","193","94057","3468781","36.84"
"1590","1964","35","0.00199","0.00199","0.50","93961","187","93867","3374723","35.92"
"1591","1964","36","0.00212","0.00212","0.50","93774","199","93674","3280856","34.99"
"1592","1964","37","0.00236","0.00235","0.50","93575","220","93465","3187182","34.06"
"1593","1964","38","0.00300","0.00299","0.50","93354","280","93215","3093717","33.14"
"1594","1964","39","0.00272","0.00272","0.50","93075","253","92949","3000503","32.24"
"1595","1964","40","0.00287","0.00286","0.50","92822","266","92689","2907554","31.32"
"1596","1964","41","0.00309","0.00309","0.50","92556","286","92413","2814865","30.41"
"1597","1964","42","0.00369","0.00369","0.50","92270","340","92100","2722451","29.51"
"1598","1964","43","0.00406","0.00405","0.50","91930","373","91744","2630351","28.61"
"1599","1964","44","0.00464","0.00463","0.50","91558","424","91346","2538607","27.73"
"1600","1964","45","0.00484","0.00482","0.50","91134","440","90914","2447262","26.85"
"1601","1964","46","0.00522","0.00520","0.50","90694","472","90458","2356348","25.98"
"1602","1964","47","0.00524","0.00522","0.50","90222","471","89987","2265890","25.11"
"1603","1964","48","0.00513","0.00511","0.50","89751","459","89522","2175903","24.24"
"1604","1964","49","0.00640","0.00638","0.50","89292","570","89007","2086382","23.37"
"1605","1964","50","0.00703","0.00700","0.50","88722","621","88412","1997374","22.51"
"1606","1964","51","0.00799","0.00796","0.50","88101","701","87750","1908963","21.67"
"1607","1964","52","0.00864","0.00860","0.50","87400","752","87024","1821213","20.84"
"1608","1964","53","0.01044","0.01038","0.50","86648","900","86198","1734188","20.01"
"1609","1964","54","0.01135","0.01129","0.50","85748","968","85265","1647990","19.22"
"1610","1964","55","0.01371","0.01362","0.50","84781","1154","84203","1562726","18.43"
"1611","1964","56","0.01409","0.01399","0.50","83626","1170","83041","1478522","17.68"
"1612","1964","57","0.01734","0.01719","0.50","82456","1417","81747","1395481","16.92"
"1613","1964","58","0.01860","0.01843","0.50","81039","1494","80292","1313734","16.21"
"1614","1964","59","0.02117","0.02095","0.50","79545","1666","78712","1233442","15.51"
"1615","1964","60","0.02220","0.02196","0.50","77879","1710","77024","1154730","14.83"
"1616","1964","61","0.02664","0.02629","0.50","76169","2002","75168","1077707","14.15"
"1617","1964","62","0.02915","0.02873","0.50","74166","2131","73101","1002539","13.52"
"1618","1964","63","0.03245","0.03193","0.50","72036","2300","70886","929438","12.90"
"1619","1964","64","0.03620","0.03555","0.50","69736","2479","68496","858552","12.31"
"1620","1964","65","0.03827","0.03755","0.50","67256","2526","65993","790056","11.75"
"1621","1964","66","0.04260","0.04171","0.50","64731","2700","63381","724063","11.19"
"1622","1964","67","0.04763","0.04652","0.50","62030","2886","60588","660682","10.65"
"1623","1964","68","0.05028","0.04905","0.50","59145","2901","57694","600095","10.15"
"1624","1964","69","0.05560","0.05410","0.50","56244","3043","54723","542400","9.64"
"1625","1964","70","0.05947","0.05775","0.50","53201","3073","51665","487678","9.17"
"1626","1964","71","0.06393","0.06195","0.50","50129","3106","48576","436013","8.70"
"1627","1964","72","0.07273","0.07018","0.50","47023","3300","45373","387437","8.24"
"1628","1964","73","0.07509","0.07237","0.50","43723","3164","42141","342063","7.82"
"1629","1964","74","0.08270","0.07942","0.50","40559","3221","38948","299923","7.39"
"1630","1964","75","0.08496","0.08150","0.50","37338","3043","35816","260974","6.99"
"1631","1964","76","0.09929","0.09459","0.50","34295","3244","32672","225158","6.57"
"1632","1964","77","0.10265","0.09763","0.50","31050","3032","29535","192486","6.20"
"1633","1964","78","0.11324","0.10717","0.50","28019","3003","26517","162951","5.82"
"1634","1964","79","0.13016","0.12221","0.50","25016","3057","23487","136434","5.45"
"1635","1964","80","0.13971","0.13058","0.50","21959","2867","20525","112946","5.14"
"1636","1964","81","0.15870","0.14703","0.50","19091","2807","17688","92421","4.84"
"1637","1964","82","0.16159","0.14951","0.50","16284","2435","15067","74734","4.59"
"1638","1964","83","0.17571","0.16152","0.50","13850","2237","12731","59667","4.31"
"1639","1964","84","0.20072","0.18242","0.50","11613","2118","10553","46935","4.04"
"1640","1964","85","0.20163","0.18316","0.50","9494","1739","8625","36382","3.83"
"1641","1964","86","0.22977","0.20609","0.50","7755","1598","6956","27757","3.58"
"1642","1964","87","0.23545","0.21065","0.50","6157","1297","5509","20801","3.38"
"1643","1964","88","0.28642","0.25054","0.50","4860","1218","4251","15293","3.15"
"1644","1964","89","0.28508","0.24951","0.50","3642","909","3188","11041","3.03"
"1645","1964","90","0.29111","0.25412","0.50","2734","695","2386","7853","2.87"
"1646","1964","91","0.34336","0.29305","0.50","2039","598","1740","5467","2.68"
"1647","1964","92","0.32683","0.28093","0.50","1441","405","1239","3727","2.59"
"1648","1964","93","0.37566","0.31626","0.50","1036","328","873","2488","2.40"
"1649","1964","94","0.39958","0.33304","0.50","709","236","591","1615","2.28"
"1650","1964","95","0.42398","0.34982","0.50","473","165","390","1025","2.17"
"1651","1964","96","0.44877","0.36653","0.50","307","113","251","635","2.07"
"1652","1964","97","0.47381","0.38306","0.50","195","75","157","384","1.97"
"1653","1964","98","0.49898","0.39935","0.50","120","48","96","226","1.88"
"1654","1964","99","0.52416","0.41532","0.50","72","30","57","130","1.81"
"1655","1964","100","0.54922","0.43089","0.50","42","18","33","73","1.73"
"1656","1964","101","0.57403","0.44602","0.50","24","11","19","40","1.67"
"1657","1964","102","0.59847","0.46063","0.50","13","6","10","21","1.61"
"1658","1964","103","0.62244","0.47470","0.50","7","3","5","11","1.55"
"1659","1964","104","0.64581","0.48818","0.50","4","2","3","6","1.50"
"1660","1964","105","0.66852","0.50104","0.50","2","1","1","3","1.45"
"1661","1964","106","0.69046","0.51327","0.50","1","0","1","1","1.41"
"1662","1964","107","0.71158","0.52484","0.50","0","0","0","1","1.38"
"1663","1964","108","0.73182","0.53577","0.50","0","0","0","0","1.34"
"1664","1964","109","0.75113","0.54605","0.50","0","0","0","0","1.32"
"1665","1964","110+","0.76949","1.00000","1.30","0","0","0","0","1.30"
"1666","1965","0","0.02684","0.02622","0.12","100000","2622","97682","6708084","67.08"
"1667","1965","1","0.00165","0.00165","0.50","97378","161","97298","6610402","67.88"
"1668","1965","2","0.00096","0.00096","0.50","97217","93","97171","6513105","67.00"
"1669","1965","3","0.00093","0.00093","0.50","97124","91","97079","6415934","66.06"
"1670","1965","4","0.00086","0.00086","0.50","97033","84","96991","6318856","65.12"
"1671","1965","5","0.00042","0.00041","0.50","96950","40","96929","6221864","64.18"
"1672","1965","6","0.00045","0.00045","0.50","96909","44","96887","6124935","63.20"
"1673","1965","7","0.00063","0.00063","0.50","96866","61","96835","6028047","62.23"
"1674","1965","8","0.00046","0.00046","0.50","96804","44","96782","5931213","61.27"
"1675","1965","9","0.00055","0.00055","0.50","96760","54","96733","5834431","60.30"
"1676","1965","10","0.00042","0.00042","0.50","96706","41","96686","5737697","59.33"
"1677","1965","11","0.00040","0.00040","0.50","96666","39","96646","5641011","58.36"
"1678","1965","12","0.00037","0.00037","0.50","96627","36","96609","5544365","57.38"
"1679","1965","13","0.00032","0.00032","0.50","96591","31","96575","5447756","56.40"
"1680","1965","14","0.00077","0.00077","0.50","96560","75","96523","5351181","55.42"
"1681","1965","15","0.00057","0.00057","0.50","96485","55","96458","5254658","54.46"
"1682","1965","16","0.00087","0.00087","0.50","96430","84","96389","5158200","53.49"
"1683","1965","17","0.00143","0.00143","0.50","96347","138","96278","5061811","52.54"
"1684","1965","18","0.00135","0.00135","0.50","96209","129","96144","4965534","51.61"
"1685","1965","19","0.00149","0.00149","0.50","96079","143","96008","4869390","50.68"
"1686","1965","20","0.00149","0.00149","0.50","95936","143","95864","4773382","49.76"
"1687","1965","21","0.00180","0.00180","0.50","95793","173","95707","4677518","48.83"
"1688","1965","22","0.00188","0.00188","0.50","95620","179","95531","4581811","47.92"
"1689","1965","23","0.00159","0.00159","0.50","95441","151","95365","4486280","47.01"
"1690","1965","24","0.00158","0.00158","0.50","95289","150","95214","4390915","46.08"
"1691","1965","25","0.00166","0.00166","0.50","95139","158","95060","4295701","45.15"
"1692","1965","26","0.00150","0.00150","0.50","94981","142","94910","4200641","44.23"
"1693","1965","27","0.00117","0.00117","0.50","94839","111","94783","4105731","43.29"
"1694","1965","28","0.00173","0.00172","0.50","94727","163","94646","4010948","42.34"
"1695","1965","29","0.00169","0.00169","0.50","94564","159","94484","3916302","41.41"
"1696","1965","30","0.00161","0.00161","0.50","94405","152","94329","3821818","40.48"
"1697","1965","31","0.00175","0.00175","0.50","94253","165","94170","3727489","39.55"
"1698","1965","32","0.00193","0.00193","0.50","94088","182","93997","3633319","38.62"
"1699","1965","33","0.00208","0.00208","0.50","93906","195","93808","3539322","37.69"
"1700","1965","34","0.00180","0.00180","0.50","93711","169","93626","3445514","36.77"
"1701","1965","35","0.00173","0.00173","0.50","93542","161","93461","3351888","35.83"
"1702","1965","36","0.00229","0.00229","0.50","93381","214","93274","3258426","34.89"
"1703","1965","37","0.00246","0.00246","0.50","93167","229","93052","3165152","33.97"
"1704","1965","38","0.00283","0.00283","0.50","92938","263","92807","3072100","33.06"
"1705","1965","39","0.00285","0.00284","0.50","92675","264","92543","2979293","32.15"
"1706","1965","40","0.00293","0.00292","0.50","92412","270","92277","2886750","31.24"
"1707","1965","41","0.00320","0.00320","0.50","92142","294","91994","2794473","30.33"
"1708","1965","42","0.00377","0.00377","0.50","91847","346","91674","2702479","29.42"
"1709","1965","43","0.00420","0.00419","0.50","91501","383","91310","2610805","28.53"
"1710","1965","44","0.00497","0.00496","0.50","91118","452","90892","2519495","27.65"
"1711","1965","45","0.00452","0.00451","0.50","90667","409","90462","2428602","26.79"
"1712","1965","46","0.00545","0.00544","0.50","90257","491","90012","2338140","25.91"
"1713","1965","47","0.00538","0.00536","0.50","89767","482","89526","2248129","25.04"
"1714","1965","48","0.00644","0.00642","0.50","89285","573","88999","2158603","24.18"
"1715","1965","49","0.00663","0.00661","0.50","88712","587","88419","2069604","23.33"
"1716","1965","50","0.00753","0.00751","0.50","88126","662","87795","1981185","22.48"
"1717","1965","51","0.00868","0.00864","0.50","87464","756","87086","1893391","21.65"
"1718","1965","52","0.00964","0.00960","0.50","86708","832","86292","1806304","20.83"
"1719","1965","53","0.01089","0.01083","0.50","85876","930","85411","1720012","20.03"
"1720","1965","54","0.01152","0.01146","0.50","84946","973","84460","1634601","19.24"
"1721","1965","55","0.01316","0.01307","0.50","83973","1097","83425","1550141","18.46"
"1722","1965","56","0.01516","0.01504","0.50","82876","1247","82252","1466717","17.70"
"1723","1965","57","0.01660","0.01646","0.50","81629","1344","80957","1384464","16.96"
"1724","1965","58","0.01830","0.01813","0.50","80285","1456","79558","1303507","16.24"
"1725","1965","59","0.02001","0.01981","0.50","78830","1562","78049","1223950","15.53"
"1726","1965","60","0.02395","0.02367","0.50","77268","1829","76354","1145901","14.83"
"1727","1965","61","0.02514","0.02483","0.50","75439","1873","74503","1069547","14.18"
"1728","1965","62","0.02756","0.02719","0.50","73566","2000","72566","995045","13.53"
"1729","1965","63","0.03309","0.03255","0.50","71566","2330","70401","922478","12.89"
"1730","1965","64","0.03446","0.03388","0.50","69237","2345","68064","852077","12.31"
"1731","1965","65","0.03999","0.03920","0.50","66891","2622","65580","784013","11.72"
"1732","1965","66","0.04202","0.04116","0.50","64269","2645","62946","718433","11.18"
"1733","1965","67","0.04653","0.04548","0.50","61624","2802","60223","655487","10.64"
"1734","1965","68","0.05193","0.05062","0.50","58821","2977","57333","595264","10.12"
"1735","1965","69","0.05584","0.05432","0.50","55844","3033","54327","537931","9.63"
"1736","1965","70","0.06141","0.05958","0.50","52811","3146","51237","483604","9.16"
"1737","1965","71","0.06408","0.06209","0.50","49664","3083","48123","432367","8.71"
"1738","1965","72","0.06793","0.06569","0.50","46581","3060","45051","384244","8.25"
"1739","1965","73","0.07671","0.07388","0.50","43521","3215","41913","339193","7.79"
"1740","1965","74","0.08438","0.08096","0.50","40306","3263","38674","297280","7.38"
"1741","1965","75","0.08784","0.08415","0.50","37042","3117","35484","258606","6.98"
"1742","1965","76","0.09526","0.09093","0.50","33925","3085","32383","223122","6.58"
"1743","1965","77","0.10289","0.09786","0.50","30841","3018","29332","190739","6.18"
"1744","1965","78","0.11104","0.10520","0.50","27823","2927","26359","161408","5.80"
"1745","1965","79","0.12530","0.11791","0.50","24896","2936","23428","135049","5.42"
"1746","1965","80","0.13506","0.12652","0.50","21960","2778","20571","111621","5.08"
"1747","1965","81","0.14929","0.13892","0.50","19182","2665","17849","91050","4.75"
"1748","1965","82","0.17919","0.16445","0.50","16517","2716","15159","73201","4.43"
"1749","1965","83","0.19209","0.17526","0.50","13801","2419","12591","58042","4.21"
"1750","1965","84","0.19089","0.17426","0.50","11382","1983","10390","45450","3.99"
"1751","1965","85","0.20718","0.18774","0.50","9399","1764","8516","35060","3.73"
"1752","1965","86","0.22774","0.20446","0.50","7634","1561","6854","26543","3.48"
"1753","1965","87","0.23886","0.21338","0.50","6073","1296","5425","19690","3.24"
"1754","1965","88","0.28725","0.25117","0.50","4777","1200","4177","14264","2.99"
"1755","1965","89","0.32505","0.27961","0.50","3577","1000","3077","10087","2.82"
"1756","1965","90","0.31012","0.26849","0.50","2577","692","2231","7010","2.72"
"1757","1965","91","0.38108","0.32009","0.50","1885","603","1583","4778","2.53"
"1758","1965","92","0.33703","0.28843","0.50","1282","370","1097","3195","2.49"
"1759","1965","93","0.39319","0.32859","0.50","912","300","762","2098","2.30"
"1760","1965","94","0.41894","0.34638","0.50","612","212","506","1336","2.18"
"1761","1965","95","0.44514","0.36410","0.50","400","146","327","829","2.07"
"1762","1965","96","0.47165","0.38165","0.50","255","97","206","502","1.97"
"1763","1965","97","0.49832","0.39892","0.50","157","63","126","296","1.88"
"1764","1965","98","0.52500","0.41584","0.50","95","39","75","170","1.80"
"1765","1965","99","0.55153","0.43231","0.50","55","24","43","95","1.72"
"1766","1965","100","0.57778","0.44828","0.50","31","14","24","52","1.65"
"1767","1965","101","0.60359","0.46366","0.50","17","8","13","28","1.59"
"1768","1965","102","0.62884","0.47842","0.50","9","4","7","14","1.53"
"1769","1965","103","0.65341","0.49250","0.50","5","2","4","7","1.48"
"1770","1965","104","0.67718","0.50589","0.50","2","1","2","4","1.44"
"1771","1965","105","0.70007","0.51856","0.50","1","1","1","2","1.39"
"1772","1965","106","0.72201","0.53050","0.50","1","0","0","1","1.35"
"1773","1965","107","0.74293","0.54170","0.50","0","0","0","0","1.32"
"1774","1965","108","0.76279","0.55219","0.50","0","0","0","0","1.29"
"1775","1965","109","0.78157","0.56196","0.50","0","0","0","0","1.27"
"1776","1965","110+","0.79925","1.00000","1.25","0","0","0","0","1.25"
"1777","1966","0","0.02542","0.02485","0.11","100000","2485","97791","6714935","67.15"
"1778","1966","1","0.00163","0.00163","0.50","97515","159","97435","6617144","67.86"
"1779","1966","2","0.00107","0.00107","0.50","97355","104","97303","6519709","66.97"
"1780","1966","3","0.00090","0.00090","0.50","97251","88","97207","6422406","66.04"
"1781","1966","4","0.00075","0.00075","0.50","97163","73","97126","6325199","65.10"
"1782","1966","5","0.00051","0.00051","0.50","97090","49","97065","6228073","64.15"
"1783","1966","6","0.00051","0.00051","0.50","97040","49","97016","6131007","63.18"
"1784","1966","7","0.00065","0.00065","0.50","96991","63","96960","6033992","62.21"
"1785","1966","8","0.00056","0.00056","0.50","96928","54","96902","5937032","61.25"
"1786","1966","9","0.00051","0.00051","0.50","96875","49","96850","5840130","60.29"
"1787","1966","10","0.00031","0.00031","0.50","96825","30","96811","5743280","59.32"
"1788","1966","11","0.00047","0.00047","0.50","96796","45","96773","5646470","58.33"
"1789","1966","12","0.00061","0.00061","0.50","96750","59","96721","5549697","57.36"
"1790","1966","13","0.00047","0.00047","0.50","96692","45","96669","5452976","56.40"
"1791","1966","14","0.00058","0.00058","0.50","96647","56","96619","5356307","55.42"
"1792","1966","15","0.00065","0.00065","0.50","96591","63","96559","5259688","54.45"
"1793","1966","16","0.00080","0.00080","0.50","96528","77","96489","5163129","53.49"
"1794","1966","17","0.00125","0.00125","0.50","96451","120","96390","5066640","52.53"
"1795","1966","18","0.00152","0.00152","0.50","96330","146","96257","4970249","51.60"
"1796","1966","19","0.00168","0.00168","0.50","96184","162","96103","4873992","50.67"
"1797","1966","20","0.00165","0.00165","0.50","96022","159","95943","4777889","49.76"
"1798","1966","21","0.00162","0.00162","0.50","95864","155","95786","4681946","48.84"
"1799","1966","22","0.00178","0.00178","0.50","95708","170","95623","4586160","47.92"
"1800","1966","23","0.00164","0.00164","0.50","95538","156","95460","4490537","47.00"
"1801","1966","24","0.00165","0.00165","0.50","95382","157","95303","4395077","46.08"
"1802","1966","25","0.00164","0.00164","0.50","95224","156","95146","4299774","45.15"
"1803","1966","26","0.00154","0.00154","0.50","95068","146","94995","4204628","44.23"
"1804","1966","27","0.00147","0.00147","0.50","94922","139","94852","4109633","43.29"
"1805","1966","28","0.00142","0.00141","0.50","94782","134","94715","4014781","42.36"
"1806","1966","29","0.00166","0.00166","0.50","94648","157","94570","3920066","41.42"
"1807","1966","30","0.00177","0.00176","0.50","94491","167","94408","3825496","40.49"
"1808","1966","31","0.00188","0.00188","0.50","94325","177","94236","3731088","39.56"
"1809","1966","32","0.00202","0.00201","0.50","94147","190","94052","3636852","38.63"
"1810","1966","33","0.00206","0.00205","0.50","93958","193","93861","3542800","37.71"
"1811","1966","34","0.00179","0.00179","0.50","93765","168","93681","3448939","36.78"
"1812","1966","35","0.00213","0.00213","0.50","93597","199","93497","3355258","35.85"
"1813","1966","36","0.00229","0.00228","0.50","93398","213","93291","3261761","34.92"
"1814","1966","37","0.00224","0.00224","0.50","93185","208","93080","3168470","34.00"
"1815","1966","38","0.00282","0.00282","0.50","92976","262","92845","3075389","33.08"
"1816","1966","39","0.00301","0.00301","0.50","92714","279","92575","2982544","32.17"
"1817","1966","40","0.00324","0.00324","0.50","92435","299","92286","2889969","31.26"
"1818","1966","41","0.00318","0.00318","0.50","92136","293","91990","2797683","30.36"
"1819","1966","42","0.00363","0.00362","0.50","91843","332","91677","2705694","29.46"
"1820","1966","43","0.00405","0.00405","0.50","91511","370","91326","2614016","28.57"
"1821","1966","44","0.00476","0.00475","0.50","91141","433","90924","2522690","27.68"
"1822","1966","45","0.00481","0.00480","0.50","90708","435","90490","2431766","26.81"
"1823","1966","46","0.00510","0.00509","0.50","90272","459","90043","2341276","25.94"
"1824","1966","47","0.00608","0.00606","0.50","89813","544","89541","2251233","25.07"
"1825","1966","48","0.00584","0.00583","0.50","89269","520","89009","2161692","24.22"
"1826","1966","49","0.00659","0.00657","0.50","88748","583","88457","2072684","23.35"
"1827","1966","50","0.00749","0.00746","0.50","88166","658","87837","1984227","22.51"
"1828","1966","51","0.00858","0.00854","0.50","87508","748","87134","1896390","21.67"
"1829","1966","52","0.00915","0.00911","0.50","86760","790","86365","1809256","20.85"
"1830","1966","53","0.01071","0.01065","0.50","85970","916","85512","1722891","20.04"
"1831","1966","54","0.01174","0.01168","0.50","85054","993","84557","1637380","19.25"
"1832","1966","55","0.01257","0.01249","0.50","84061","1050","83536","1552822","18.47"
"1833","1966","56","0.01460","0.01449","0.50","83011","1203","82410","1469286","17.70"
"1834","1966","57","0.01590","0.01577","0.50","81808","1290","81163","1386877","16.95"
"1835","1966","58","0.01745","0.01730","0.50","80518","1393","79821","1305714","16.22"
"1836","1966","59","0.02041","0.02021","0.50","79124","1599","78325","1225893","15.49"
"1837","1966","60","0.02259","0.02234","0.50","77526","1732","76660","1147568","14.80"
"1838","1966","61","0.02661","0.02626","0.50","75794","1990","74799","1070908","14.13"
"1839","1966","62","0.02872","0.02831","0.50","73804","2089","72759","996109","13.50"
"1840","1966","63","0.03236","0.03185","0.50","71714","2284","70572","923350","12.88"
"1841","1966","64","0.03502","0.03442","0.50","69430","2390","68235","852778","12.28"
"1842","1966","65","0.03946","0.03870","0.50","67041","2594","65743","784542","11.70"
"1843","1966","66","0.04293","0.04203","0.50","64446","2709","63092","718799","11.15"
"1844","1966","67","0.04548","0.04447","0.50","61738","2745","60365","655707","10.62"
"1845","1966","68","0.05106","0.04979","0.50","58992","2937","57524","595342","10.09"
"1846","1966","69","0.05665","0.05509","0.50","56055","3088","54511","537818","9.59"
"1847","1966","70","0.06124","0.05942","0.50","52967","3147","51394","483307","9.12"
"1848","1966","71","0.06480","0.06276","0.50","49820","3127","48257","431914","8.67"
"1849","1966","72","0.06983","0.06747","0.50","46693","3150","45118","383657","8.22"
"1850","1966","73","0.07793","0.07501","0.50","43543","3266","41910","338539","7.77"
"1851","1966","74","0.08373","0.08037","0.50","40277","3237","38658","296629","7.36"
"1852","1966","75","0.08986","0.08599","0.50","37040","3185","35447","257971","6.96"
"1853","1966","76","0.09871","0.09406","0.50","33855","3185","32262","222524","6.57"
"1854","1966","77","0.10704","0.10160","0.50","30670","3116","29112","190261","6.20"
"1855","1966","78","0.11282","0.10679","0.50","27554","2943","26083","161149","5.85"
"1856","1966","79","0.12600","0.11853","0.50","24611","2917","23153","135066","5.49"
"1857","1966","80","0.14633","0.13635","0.50","21694","2958","20215","111914","5.16"
"1858","1966","81","0.14771","0.13755","0.50","18736","2577","17448","91699","4.89"
"1859","1966","82","0.16655","0.15375","0.50","16159","2484","14917","74251","4.60"
"1860","1966","83","0.17697","0.16258","0.50","13675","2223","12563","59334","4.34"
"1861","1966","84","0.17709","0.16268","0.50","11451","1863","10520","46771","4.08"
"1862","1966","85","0.21167","0.19141","0.50","9588","1835","8671","36251","3.78"
"1863","1966","86","0.22311","0.20072","0.50","7753","1556","6975","27581","3.56"
"1864","1966","87","0.24316","0.21680","0.50","6197","1343","5525","20606","3.33"
"1865","1966","88","0.26126","0.23107","0.50","4853","1121","4293","15081","3.11"
"1866","1966","89","0.28220","0.24731","0.50","3732","923","3270","10788","2.89"
"1867","1966","90","0.35262","0.29977","0.50","2809","842","2388","7518","2.68"
"1868","1966","91","0.31409","0.27146","0.50","1967","534","1700","5130","2.61"
"1869","1966","92","0.38106","0.32007","0.50","1433","459","1204","3430","2.39"
"1870","1966","93","0.41755","0.34543","0.50","974","337","806","2226","2.28"
"1871","1966","94","0.40936","0.33981","0.50","638","217","529","1420","2.23"
"1872","1966","95","0.43502","0.35730","0.50","421","150","346","891","2.12"
"1873","1966","96","0.46103","0.37466","0.50","271","101","220","545","2.01"
"1874","1966","97","0.48725","0.39180","0.50","169","66","136","325","1.92"
"1875","1966","98","0.51354","0.40862","0.50","103","42","82","189","1.83"
"1876","1966","99","0.53976","0.42505","0.50","61","26","48","107","1.76"
"1877","1966","100","0.56576","0.44101","0.50","35","15","27","59","1.69"
"1878","1966","101","0.59140","0.45643","0.50","20","9","15","32","1.62"
"1879","1966","102","0.61656","0.47127","0.50","11","5","8","17","1.56"
"1880","1966","103","0.64110","0.48548","0.50","6","3","4","8","1.51"
"1881","1966","104","0.66493","0.49902","0.50","3","1","2","4","1.46"
"1882","1966","105","0.68795","0.51188","0.50","1","1","1","2","1.42"
"1883","1966","106","0.71007","0.52402","0.50","1","0","1","1","1.38"
"1884","1966","107","0.73124","0.53546","0.50","0","0","0","0","1.34"
"1885","1966","108","0.75141","0.54620","0.50","0","0","0","0","1.31"
"1886","1966","109","0.77053","0.55623","0.50","0","0","0","0","1.28"
"1887","1966","110+","0.78860","1.00000","1.27","0","0","0","0","1.27"
"1888","1967","0","0.02422","0.02370","0.11","100000","2370","97884","6702526","67.03"
"1889","1967","1","0.00185","0.00185","0.50","97630","180","97540","6604642","67.65"
"1890","1967","2","0.00119","0.00119","0.50","97449","116","97392","6507103","66.77"
"1891","1967","3","0.00080","0.00080","0.50","97334","78","97295","6409711","65.85"
"1892","1967","4","0.00055","0.00055","0.50","97255","53","97229","6312417","64.91"
"1893","1967","5","0.00048","0.00048","0.50","97202","47","97179","6215188","63.94"
"1894","1967","6","0.00042","0.00042","0.50","97156","40","97135","6118009","62.97"
"1895","1967","7","0.00045","0.00045","0.50","97115","43","97093","6020873","62.00"
"1896","1967","8","0.00039","0.00039","0.50","97072","38","97053","5923780","61.02"
"1897","1967","9","0.00050","0.00050","0.50","97034","49","97009","5826727","60.05"
"1898","1967","10","0.00048","0.00048","0.50","96985","47","96962","5729718","59.08"
"1899","1967","11","0.00046","0.00046","0.50","96938","44","96916","5632757","58.11"
"1900","1967","12","0.00035","0.00035","0.50","96894","34","96877","5535841","57.13"
"1901","1967","13","0.00058","0.00058","0.50","96860","57","96832","5438964","56.15"
"1902","1967","14","0.00051","0.00051","0.50","96804","50","96779","5342132","55.19"
"1903","1967","15","0.00060","0.00060","0.50","96754","58","96725","5245353","54.21"
"1904","1967","16","0.00087","0.00086","0.50","96696","84","96654","5148628","53.25"
"1905","1967","17","0.00125","0.00125","0.50","96612","121","96552","5051974","52.29"
"1906","1967","18","0.00129","0.00129","0.50","96492","125","96429","4955422","51.36"
"1907","1967","19","0.00135","0.00135","0.50","96367","130","96302","4858993","50.42"
"1908","1967","20","0.00166","0.00166","0.50","96237","160","96157","4762691","49.49"
"1909","1967","21","0.00166","0.00166","0.50","96076","159","95997","4666535","48.57"
"1910","1967","22","0.00174","0.00174","0.50","95917","167","95834","4570538","47.65"
"1911","1967","23","0.00159","0.00159","0.50","95751","152","95674","4474704","46.73"
"1912","1967","24","0.00163","0.00163","0.50","95598","156","95520","4379029","45.81"
"1913","1967","25","0.00158","0.00158","0.50","95442","151","95367","4283509","44.88"
"1914","1967","26","0.00166","0.00166","0.50","95292","158","95212","4188142","43.95"
"1915","1967","27","0.00178","0.00178","0.50","95133","170","95048","4092930","43.02"
"1916","1967","28","0.00188","0.00188","0.50","94964","178","94875","3997881","42.10"
"1917","1967","29","0.00173","0.00173","0.50","94785","164","94703","3903007","41.18"
"1918","1967","30","0.00176","0.00176","0.50","94621","166","94538","3808303","40.25"
"1919","1967","31","0.00153","0.00153","0.50","94455","145","94383","3713765","39.32"
"1920","1967","32","0.00185","0.00185","0.50","94311","175","94223","3619382","38.38"
"1921","1967","33","0.00218","0.00218","0.50","94136","205","94033","3525159","37.45"
"1922","1967","34","0.00243","0.00243","0.50","93931","228","93817","3431125","36.53"
"1923","1967","35","0.00216","0.00216","0.50","93703","202","93602","3337308","35.62"
"1924","1967","36","0.00217","0.00217","0.50","93501","203","93399","3243706","34.69"
"1925","1967","37","0.00254","0.00254","0.50","93298","237","93179","3150307","33.77"
"1926","1967","38","0.00270","0.00269","0.50","93061","251","92936","3057128","32.85"
"1927","1967","39","0.00266","0.00266","0.50","92810","247","92687","2964192","31.94"
"1928","1967","40","0.00326","0.00326","0.50","92564","301","92413","2871505","31.02"
"1929","1967","41","0.00370","0.00370","0.50","92262","341","92092","2779092","30.12"
"1930","1967","42","0.00405","0.00405","0.50","91921","372","91735","2687000","29.23"
"1931","1967","43","0.00401","0.00400","0.50","91549","367","91366","2595265","28.35"
"1932","1967","44","0.00505","0.00504","0.50","91183","460","90953","2503899","27.46"
"1933","1967","45","0.00501","0.00500","0.50","90723","453","90497","2412946","26.60"
"1934","1967","46","0.00546","0.00544","0.50","90270","491","90024","2322449","25.73"
"1935","1967","47","0.00577","0.00575","0.50","89779","516","89520","2232425","24.87"
"1936","1967","48","0.00637","0.00635","0.50","89262","566","88979","2142905","24.01"
"1937","1967","49","0.00714","0.00712","0.50","88696","631","88380","2053926","23.16"
"1938","1967","50","0.00818","0.00814","0.50","88065","717","87706","1965545","22.32"
"1939","1967","51","0.00929","0.00924","0.50","87347","807","86944","1877839","21.50"
"1940","1967","52","0.00973","0.00969","0.50","86540","838","86121","1790896","20.69"
"1941","1967","53","0.01086","0.01080","0.50","85702","926","85239","1704775","19.89"
"1942","1967","54","0.01158","0.01151","0.50","84776","976","84288","1619536","19.10"
"1943","1967","55","0.01387","0.01378","0.50","83800","1155","83223","1535248","18.32"
"1944","1967","56","0.01478","0.01467","0.50","82646","1212","82040","1452025","17.57"
"1945","1967","57","0.01642","0.01628","0.50","81433","1326","80770","1369986","16.82"
"1946","1967","58","0.01828","0.01812","0.50","80107","1451","79382","1289215","16.09"
"1947","1967","59","0.01968","0.01948","0.50","78656","1533","77890","1209833","15.38"
"1948","1967","60","0.02457","0.02427","0.50","77124","1872","76188","1131944","14.68"
"1949","1967","61","0.02595","0.02562","0.50","75252","1928","74288","1055756","14.03"
"1950","1967","62","0.02854","0.02814","0.50","73324","2063","72293","981468","13.39"
"1951","1967","63","0.03352","0.03296","0.50","71261","2349","70087","909175","12.76"
"1952","1967","64","0.03625","0.03561","0.50","68912","2454","67685","839088","12.18"
"1953","1967","65","0.03787","0.03716","0.50","66458","2470","65223","771403","11.61"
"1954","1967","66","0.04388","0.04293","0.50","63989","2747","62615","706179","11.04"
"1955","1967","67","0.04795","0.04683","0.50","61241","2868","59807","643565","10.51"
"1956","1967","68","0.05356","0.05216","0.50","58374","3045","56851","583757","10.00"
"1957","1967","69","0.05599","0.05447","0.50","55329","3013","53822","526906","9.52"
"1958","1967","70","0.06302","0.06109","0.50","52315","3196","50717","473084","9.04"
"1959","1967","71","0.06345","0.06150","0.50","49119","3021","47609","422367","8.60"
"1960","1967","72","0.07254","0.07000","0.50","46098","3227","44485","374759","8.13"
"1961","1967","73","0.07869","0.07571","0.50","42871","3246","41248","330274","7.70"
"1962","1967","74","0.08275","0.07946","0.50","39625","3149","38051","289026","7.29"
"1963","1967","75","0.08760","0.08393","0.50","36477","3061","34946","250975","6.88"
"1964","1967","76","0.09882","0.09417","0.50","33415","3147","31842","216029","6.46"
"1965","1967","77","0.11292","0.10689","0.50","30269","3235","28651","184187","6.09"
"1966","1967","78","0.11679","0.11035","0.50","27033","2983","25542","155536","5.75"
"1967","1967","79","0.12384","0.11662","0.50","24050","2805","22648","129994","5.41"
"1968","1967","80","0.13439","0.12592","0.50","21246","2675","19908","107346","5.05"
"1969","1967","81","0.15545","0.14424","0.50","18570","2679","17231","87438","4.71"
"1970","1967","82","0.17246","0.15877","0.50","15892","2523","14630","70207","4.42"
"1971","1967","83","0.17664","0.16231","0.50","13368","2170","12284","55577","4.16"
"1972","1967","84","0.20215","0.18359","0.50","11199","2056","10171","43293","3.87"
"1973","1967","85","0.22650","0.20346","0.50","9143","1860","8213","33123","3.62"
"1974","1967","86","0.23485","0.21017","0.50","7283","1531","6517","24910","3.42"
"1975","1967","87","0.26671","0.23533","0.50","5752","1354","5075","18393","3.20"
"1976","1967","88","0.27155","0.23909","0.50","4398","1052","3873","13318","3.03"
"1977","1967","89","0.28863","0.25223","0.50","3347","844","2925","9445","2.82"
"1978","1967","90","0.32750","0.28142","0.50","2503","704","2150","6521","2.61"
"1979","1967","91","0.39043","0.32666","0.50","1798","587","1505","4370","2.43"
"1980","1967","92","0.37680","0.31706","0.50","1211","384","1019","2865","2.37"
"1981","1967","93","0.40588","0.33741","0.50","827","279","687","1847","2.23"
"1982","1967","94","0.43299","0.35593","0.50","548","195","450","1159","2.12"
"1983","1967","95","0.46051","0.37432","0.50","353","132","287","709","2.01"
"1984","1967","96","0.48827","0.39246","0.50","221","87","177","422","1.91"
"1985","1967","97","0.51610","0.41024","0.50","134","55","107","244","1.82"
"1986","1967","98","0.54384","0.42757","0.50","79","34","62","138","1.74"
"1987","1967","99","0.57130","0.44437","0.50","45","20","35","76","1.67"
"1988","1967","100","0.59833","0.46055","0.50","25","12","19","40","1.60"
"1989","1967","101","0.62478","0.47606","0.50","14","6","10","21","1.54"
"1990","1967","102","0.65050","0.49085","0.50","7","3","5","11","1.49"
"1991","1967","103","0.67537","0.50488","0.50","4","2","3","5","1.44"
"1992","1967","104","0.69930","0.51813","0.50","2","1","1","2","1.39"
"1993","1967","105","0.72218","0.53059","0.50","1","0","1","1","1.35"
"1994","1967","106","0.74396","0.54225","0.50","0","0","0","1","1.32"
"1995","1967","107","0.76459","0.55313","0.50","0","0","0","0","1.29"
"1996","1967","108","0.78404","0.56324","0.50","0","0","0","0","1.26"
"1997","1967","109","0.80230","0.57260","0.50","0","0","0","0","1.24"
"1998","1967","110+","0.81937","1.00000","1.22","0","0","0","0","1.22"
"1999","1968","0","0.02514","0.02459","0.11","100000","2459","97812","6646000","66.46"
"2000","1968","1","0.00149","0.00148","0.50","97541","145","97468","6548188","67.13"
"2001","1968","2","0.00084","0.00084","0.50","97396","82","97355","6450719","66.23"
"2002","1968","3","0.00063","0.00063","0.50","97314","62","97283","6353364","65.29"
"2003","1968","4","0.00058","0.00058","0.50","97252","57","97224","6256081","64.33"
"2004","1968","5","0.00056","0.00056","0.50","97195","54","97168","6158857","63.37"
"2005","1968","6","0.00065","0.00065","0.50","97141","63","97110","6061689","62.40"
"2006","1968","7","0.00080","0.00080","0.50","97078","78","97039","5964579","61.44"
"2007","1968","8","0.00072","0.00072","0.50","97000","70","96965","5867540","60.49"
"2008","1968","9","0.00045","0.00045","0.50","96930","44","96908","5770575","59.53"
"2009","1968","10","0.00045","0.00045","0.50","96886","44","96864","5673667","58.56"
"2010","1968","11","0.00032","0.00032","0.50","96843","31","96827","5576803","57.59"
"2011","1968","12","0.00049","0.00049","0.50","96812","48","96788","5479975","56.60"
"2012","1968","13","0.00060","0.00060","0.50","96764","58","96735","5383188","55.63"
"2013","1968","14","0.00048","0.00048","0.50","96706","46","96683","5286453","54.67"
"2014","1968","15","0.00076","0.00076","0.50","96660","73","96623","5189770","53.69"
"2015","1968","16","0.00094","0.00094","0.50","96586","91","96541","5093147","52.73"
"2016","1968","17","0.00143","0.00143","0.50","96495","138","96426","4996606","51.78"
"2017","1968","18","0.00184","0.00184","0.50","96358","177","96269","4900180","50.85"
"2018","1968","19","0.00156","0.00156","0.50","96181","150","96106","4803910","49.95"
"2019","1968","20","0.00174","0.00174","0.50","96031","167","95947","4707805","49.02"
"2020","1968","21","0.00178","0.00178","0.50","95864","170","95779","4611858","48.11"
"2021","1968","22","0.00226","0.00226","0.50","95693","216","95585","4516079","47.19"
"2022","1968","23","0.00191","0.00191","0.50","95477","182","95386","4420494","46.30"
"2023","1968","24","0.00224","0.00224","0.50","95295","213","95188","4325108","45.39"
"2024","1968","25","0.00170","0.00170","0.50","95082","162","95001","4229920","44.49"
"2025","1968","26","0.00175","0.00175","0.50","94920","166","94836","4134919","43.56"
"2026","1968","27","0.00188","0.00188","0.50","94753","178","94664","4040083","42.64"
"2027","1968","28","0.00197","0.00197","0.50","94575","186","94482","3945419","41.72"
"2028","1968","29","0.00180","0.00179","0.50","94390","169","94305","3850936","40.80"
"2029","1968","30","0.00209","0.00209","0.50","94220","197","94122","3756631","39.87"
"2030","1968","31","0.00189","0.00189","0.50","94024","178","93935","3662509","38.95"
"2031","1968","32","0.00235","0.00235","0.50","93846","221","93735","3568575","38.03"
"2032","1968","33","0.00224","0.00223","0.50","93625","209","93521","3474840","37.11"
"2033","1968","34","0.00211","0.00210","0.50","93416","196","93318","3381319","36.20"
"2034","1968","35","0.00204","0.00204","0.50","93220","190","93124","3288001","35.27"
"2035","1968","36","0.00236","0.00236","0.50","93029","219","92920","3194877","34.34"
"2036","1968","37","0.00267","0.00267","0.50","92810","248","92686","3101957","33.42"
"2037","1968","38","0.00257","0.00257","0.50","92562","238","92443","3009271","32.51"
"2038","1968","39","0.00327","0.00326","0.50","92324","301","92174","2916828","31.59"
"2039","1968","40","0.00369","0.00369","0.50","92023","339","91853","2824654","30.70"
"2040","1968","41","0.00390","0.00390","0.50","91684","357","91505","2732801","29.81"
"2041","1968","42","0.00348","0.00347","0.50","91327","317","91168","2641296","28.92"
"2042","1968","43","0.00469","0.00468","0.50","91009","426","90796","2550128","28.02"
"2043","1968","44","0.00477","0.00476","0.50","90583","431","90368","2459331","27.15"
"2044","1968","45","0.00520","0.00519","0.50","90152","468","89918","2368964","26.28"
"2045","1968","46","0.00617","0.00615","0.50","89684","552","89408","2279046","25.41"
"2046","1968","47","0.00675","0.00673","0.50","89132","600","88832","2189637","24.57"
"2047","1968","48","0.00684","0.00682","0.50","88532","603","88231","2100805","23.73"
"2048","1968","49","0.00694","0.00692","0.50","87929","608","87625","2012574","22.89"
"2049","1968","50","0.00803","0.00800","0.50","87321","699","86971","1924949","22.04"
"2050","1968","51","0.00861","0.00857","0.50","86622","743","86251","1837978","21.22"
"2051","1968","52","0.00920","0.00916","0.50","85879","787","85486","1751727","20.40"
"2052","1968","53","0.01126","0.01120","0.50","85092","953","84616","1666241","19.58"
"2053","1968","54","0.01227","0.01220","0.50","84140","1026","83627","1581625","18.80"
"2054","1968","55","0.01383","0.01374","0.50","83114","1142","82543","1497998","18.02"
"2055","1968","56","0.01553","0.01541","0.50","81972","1263","81340","1415456","17.27"
"2056","1968","57","0.01779","0.01763","0.50","80708","1423","79997","1334116","16.53"
"2057","1968","58","0.01899","0.01881","0.50","79285","1491","78540","1254119","15.82"
"2058","1968","59","0.02184","0.02161","0.50","77794","1681","76954","1175579","15.11"
"2059","1968","60","0.02421","0.02392","0.50","76113","1821","75203","1098626","14.43"
"2060","1968","61","0.02755","0.02718","0.50","74292","2019","73283","1023423","13.78"
"2061","1968","62","0.02946","0.02903","0.50","72273","2098","71224","950140","13.15"
"2062","1968","63","0.03485","0.03425","0.50","70175","2404","68973","878916","12.52"
"2063","1968","64","0.03609","0.03545","0.50","67771","2402","66570","809943","11.95"
"2064","1968","65","0.04155","0.04071","0.50","65369","2661","64038","743373","11.37"
"2065","1968","66","0.04473","0.04375","0.50","62708","2744","61336","679335","10.83"
"2066","1968","67","0.04781","0.04669","0.50","59964","2800","58565","617999","10.31"
"2067","1968","68","0.05215","0.05082","0.50","57165","2905","55712","559434","9.79"
"2068","1968","69","0.05861","0.05694","0.50","54259","3089","52715","503722","9.28"
"2069","1968","70","0.06136","0.05954","0.50","51170","3047","49647","451007","8.81"
"2070","1968","71","0.07056","0.06815","0.50","48124","3280","46484","401360","8.34"
"2071","1968","72","0.07498","0.07227","0.50","44844","3241","43223","354877","7.91"
"2072","1968","73","0.07941","0.07638","0.50","41603","3178","40014","311654","7.49"
"2073","1968","74","0.08722","0.08357","0.50","38425","3211","36819","271640","7.07"
"2074","1968","75","0.09105","0.08709","0.50","35214","3067","33681","234820","6.67"
"2075","1968","76","0.10038","0.09559","0.50","32147","3073","30611","201140","6.26"
"2076","1968","77","0.11251","0.10652","0.50","29074","3097","27526","170529","5.87"
"2077","1968","78","0.12296","0.11584","0.50","25977","3009","24473","143003","5.50"
"2078","1968","79","0.13798","0.12907","0.50","22968","2965","21486","118530","5.16"
"2079","1968","80","0.15019","0.13970","0.50","20004","2794","18606","97044","4.85"
"2080","1968","81","0.16459","0.15207","0.50","17209","2617","15901","78438","4.56"
"2081","1968","82","0.17475","0.16071","0.50","14592","2345","13420","62537","4.29"
"2082","1968","83","0.19546","0.17805","0.50","12247","2181","11157","49117","4.01"
"2083","1968","84","0.21905","0.19742","0.50","10066","1987","9073","37960","3.77"
"2084","1968","85","0.22615","0.20318","0.50","8079","1641","7258","28888","3.58"
"2085","1968","86","0.25339","0.22490","0.50","6438","1448","5714","21629","3.36"
"2086","1968","87","0.25509","0.22623","0.50","4990","1129","4425","15916","3.19"
"2087","1968","88","0.29735","0.25887","0.50","3861","999","3361","11490","2.98"
"2088","1968","89","0.29723","0.25877","0.50","2861","740","2491","8129","2.84"
"2089","1968","90","0.31616","0.27300","0.50","2121","579","1831","5638","2.66"
"2090","1968","91","0.37609","0.31657","0.50","1542","488","1298","3806","2.47"
"2091","1968","92","0.35773","0.30345","0.50","1054","320","894","2509","2.38"
"2092","1968","93","0.42491","0.35046","0.50","734","257","605","1615","2.20"
"2093","1968","94","0.43465","0.35705","0.50","477","170","392","1009","2.12"
"2094","1968","95","0.46069","0.37444","0.50","307","115","249","617","2.01"
"2095","1968","96","0.48695","0.39160","0.50","192","75","154","368","1.92"
"2096","1968","97","0.51327","0.40845","0.50","117","48","93","214","1.84"
"2097","1968","98","0.53953","0.42490","0.50","69","29","54","121","1.76"
"2098","1968","99","0.56556","0.44089","0.50","40","17","31","67","1.69"
"2099","1968","100","0.59124","0.45634","0.50","22","10","17","36","1.62"
"2100","1968","101","0.61643","0.47120","0.50","12","6","9","19","1.56"
"2101","1968","102","0.64101","0.48543","0.50","6","3","5","10","1.51"
"2102","1968","103","0.66488","0.49899","0.50","3","2","2","5","1.46"
"2103","1968","104","0.68792","0.51186","0.50","2","1","1","2","1.42"
"2104","1968","105","0.71008","0.52403","0.50","1","0","1","1","1.38"
"2105","1968","106","0.73128","0.53548","0.50","0","0","0","1","1.34"
"2106","1968","107","0.75146","0.54623","0.50","0","0","0","0","1.31"
"2107","1968","108","0.77061","0.55628","0.50","0","0","0","0","1.28"
"2108","1968","109","0.78870","0.56564","0.50","0","0","0","0","1.26"
"2109","1968","110+","0.80572","1.00000","1.24","0","0","0","0","1.24"
"2110","1969","0","0.02544","0.02487","0.11","100000","2487","97789","6584301","65.84"
"2111","1969","1","0.00139","0.00139","0.50","97513","136","97445","6486512","66.52"
"2112","1969","2","0.00103","0.00103","0.50","97377","100","97327","6389067","65.61"
"2113","1969","3","0.00082","0.00082","0.50","97277","79","97237","6291741","64.68"
"2114","1969","4","0.00075","0.00075","0.50","97197","73","97161","6194504","63.73"
"2115","1969","5","0.00062","0.00062","0.50","97124","61","97094","6097343","62.78"
"2116","1969","6","0.00057","0.00057","0.50","97063","56","97035","6000250","61.82"
"2117","1969","7","0.00039","0.00039","0.50","97008","38","96989","5903214","60.85"
"2118","1969","8","0.00048","0.00048","0.50","96970","46","96946","5806226","59.88"
"2119","1969","9","0.00051","0.00051","0.50","96923","49","96898","5709279","58.91"
"2120","1969","10","0.00059","0.00059","0.50","96874","57","96845","5612381","57.93"
"2121","1969","11","0.00041","0.00041","0.50","96817","40","96797","5515536","56.97"
"2122","1969","12","0.00056","0.00056","0.50","96777","54","96750","5418739","55.99"
"2123","1969","13","0.00064","0.00064","0.50","96723","62","96692","5321989","55.02"
"2124","1969","14","0.00061","0.00061","0.50","96661","59","96631","5225297","54.06"
"2125","1969","15","0.00090","0.00089","0.50","96601","86","96558","5128666","53.09"
"2126","1969","16","0.00096","0.00096","0.50","96515","92","96469","5032108","52.14"
"2127","1969","17","0.00139","0.00139","0.50","96423","134","96356","4935639","51.19"
"2128","1969","18","0.00221","0.00221","0.50","96289","213","96182","4839283","50.26"
"2129","1969","19","0.00184","0.00184","0.50","96076","177","95988","4743101","49.37"
"2130","1969","20","0.00179","0.00179","0.50","95899","172","95813","4647113","48.46"
"2131","1969","21","0.00205","0.00204","0.50","95727","196","95630","4551300","47.54"
"2132","1969","22","0.00181","0.00181","0.50","95532","173","95445","4455671","46.64"
"2133","1969","23","0.00192","0.00192","0.50","95359","183","95267","4360225","45.72"
"2134","1969","24","0.00194","0.00194","0.50","95176","185","95083","4264958","44.81"
"2135","1969","25","0.00187","0.00187","0.50","94991","177","94902","4169875","43.90"
"2136","1969","26","0.00190","0.00190","0.50","94813","180","94723","4074973","42.98"
"2137","1969","27","0.00170","0.00170","0.50","94633","161","94553","3980250","42.06"
"2138","1969","28","0.00169","0.00168","0.50","94473","159","94393","3885697","41.13"
"2139","1969","29","0.00196","0.00195","0.50","94313","184","94221","3791304","40.20"
"2140","1969","30","0.00212","0.00212","0.50","94129","199","94029","3697083","39.28"
"2141","1969","31","0.00208","0.00207","0.50","93930","195","93832","3603053","38.36"
"2142","1969","32","0.00248","0.00248","0.50","93735","232","93619","3509221","37.44"
"2143","1969","33","0.00210","0.00210","0.50","93503","196","93404","3415602","36.53"
"2144","1969","34","0.00203","0.00203","0.50","93306","189","93212","3322198","35.61"
"2145","1969","35","0.00231","0.00230","0.50","93117","214","93010","3228986","34.68"
"2146","1969","36","0.00268","0.00268","0.50","92903","249","92778","3135976","33.76"
"2147","1969","37","0.00265","0.00264","0.50","92654","245","92531","3043198","32.84"
"2148","1969","38","0.00300","0.00299","0.50","92409","277","92271","2950666","31.93"
"2149","1969","39","0.00330","0.00330","0.50","92132","304","91980","2858396","31.02"
"2150","1969","40","0.00340","0.00339","0.50","91828","311","91673","2766415","30.13"
"2151","1969","41","0.00407","0.00406","0.50","91517","371","91332","2674742","29.23"
"2152","1969","42","0.00396","0.00395","0.50","91146","360","90966","2583411","28.34"
"2153","1969","43","0.00452","0.00451","0.50","90786","410","90581","2492445","27.45"
"2154","1969","44","0.00540","0.00538","0.50","90376","487","90133","2401864","26.58"
"2155","1969","45","0.00618","0.00616","0.50","89889","554","89612","2311732","25.72"
"2156","1969","46","0.00623","0.00621","0.50","89336","555","89058","2222119","24.87"
"2157","1969","47","0.00652","0.00650","0.50","88781","577","88492","2133061","24.03"
"2158","1969","48","0.00792","0.00789","0.50","88203","696","87856","2044569","23.18"
"2159","1969","49","0.00890","0.00886","0.50","87508","776","87120","1956713","22.36"
"2160","1969","50","0.01020","0.01014","0.50","86732","880","86292","1869593","21.56"
"2161","1969","51","0.00935","0.00931","0.50","85852","799","85453","1783301","20.77"
"2162","1969","52","0.01027","0.01022","0.50","85053","869","84618","1697849","19.96"
"2163","1969","53","0.01105","0.01099","0.50","84183","925","83721","1613230","19.16"
"2164","1969","54","0.01380","0.01371","0.50","83259","1141","82688","1529509","18.37"
"2165","1969","55","0.01383","0.01373","0.50","82117","1128","81554","1446821","17.62"
"2166","1969","56","0.01564","0.01552","0.50","80990","1257","80361","1365268","16.86"
"2167","1969","57","0.01795","0.01779","0.50","79733","1419","79023","1284906","16.12"
"2168","1969","58","0.02097","0.02075","0.50","78314","1625","77502","1205883","15.40"
"2169","1969","59","0.02206","0.02182","0.50","76689","1673","75853","1128382","14.71"
"2170","1969","60","0.02631","0.02596","0.50","75016","1948","74042","1052529","14.03"
"2171","1969","61","0.02823","0.02783","0.50","73068","2034","72051","978487","13.39"
"2172","1969","62","0.03084","0.03037","0.50","71035","2158","69956","906435","12.76"
"2173","1969","63","0.03527","0.03466","0.50","68877","2387","67683","836480","12.14"
"2174","1969","64","0.03896","0.03821","0.50","66490","2541","65219","768796","11.56"
"2175","1969","65","0.04406","0.04311","0.50","63949","2757","62571","703577","11.00"
"2176","1969","66","0.04764","0.04653","0.50","61192","2847","59768","641006","10.48"
"2177","1969","67","0.05337","0.05198","0.50","58345","3033","56828","581238","9.96"
"2178","1969","68","0.05597","0.05445","0.50","55312","3012","53806","524409","9.48"
"2179","1969","69","0.06299","0.06107","0.50","52300","3194","50703","470603","9.00"
"2180","1969","70","0.06835","0.06609","0.50","49107","3245","47484","419900","8.55"
"2181","1969","71","0.07543","0.07269","0.50","45861","3334","44194","372416","8.12"
"2182","1969","72","0.08131","0.07814","0.50","42528","3323","40866","328221","7.72"
"2183","1969","73","0.08801","0.08430","0.50","39205","3305","37552","287355","7.33"
"2184","1969","74","0.09159","0.08758","0.50","35900","3144","34328","249803","6.96"
"2185","1969","75","0.10491","0.09968","0.50","32756","3265","31123","215475","6.58"
"2186","1969","76","0.10997","0.10424","0.50","29491","3074","27954","184352","6.25"
"2187","1969","77","0.11888","0.11221","0.50","26416","2964","24934","156399","5.92"
"2188","1969","78","0.12285","0.11574","0.50","23452","2714","22095","131465","5.61"
"2189","1969","79","0.13476","0.12625","0.50","20738","2618","19429","109370","5.27"
"2190","1969","80","0.15509","0.14393","0.50","18120","2608","16816","89941","4.96"
"2191","1969","81","0.15663","0.14526","0.50","15512","2253","14385","73125","4.71"
"2192","1969","82","0.16766","0.15469","0.50","13259","2051","12233","58740","4.43"
"2193","1969","83","0.18194","0.16677","0.50","11208","1869","10273","46507","4.15"
"2194","1969","84","0.20261","0.18397","0.50","9339","1718","8479","36234","3.88"
"2195","1969","85","0.21928","0.19761","0.50","7620","1506","6868","27754","3.64"
"2196","1969","86","0.24126","0.21529","0.50","6115","1316","5456","20887","3.42"
"2197","1969","87","0.26841","0.23665","0.50","4798","1135","4230","15431","3.22"
"2198","1969","88","0.27339","0.24052","0.50","3663","881","3222","11200","3.06"
"2199","1969","89","0.27633","0.24279","0.50","2782","675","2444","7978","2.87"
"2200","1969","90","0.35190","0.29925","0.50","2106","630","1791","5534","2.63"
"2201","1969","91","0.33625","0.28786","0.50","1476","425","1264","3743","2.54"
"2202","1969","92","0.38469","0.32263","0.50","1051","339","882","2479","2.36"
"2203","1969","93","0.43360","0.35635","0.50","712","254","585","1597","2.24"
"2204","1969","94","0.41455","0.34338","0.50","458","157","380","1012","2.21"
"2205","1969","95","0.43935","0.36022","0.50","301","108","247","633","2.10"
"2206","1969","96","0.46446","0.37693","0.50","193","73","156","386","2.00"
"2207","1969","97","0.48975","0.39341","0.50","120","47","96","230","1.92"
"2208","1969","98","0.51508","0.40960","0.50","73","30","58","133","1.83"
"2209","1969","99","0.54035","0.42541","0.50","43","18","34","76","1.76"
"2210","1969","100","0.56540","0.44079","0.50","25","11","19","42","1.69"
"2211","1969","101","0.59013","0.45568","0.50","14","6","11","22","1.63"
"2212","1969","102","0.61441","0.47002","0.50","8","4","6","12","1.57"
"2213","1969","103","0.63813","0.48378","0.50","4","2","3","6","1.52"
"2214","1969","104","0.66120","0.49692","0.50","2","1","2","3","1.47"
"2215","1969","105","0.68353","0.50942","0.50","1","1","1","1","1.43"
"2216","1969","106","0.70504","0.52128","0.50","1","0","0","1","1.39"
"2217","1969","107","0.72568","0.53247","0.50","0","0","0","0","1.35"
"2218","1969","108","0.74539","0.54301","0.50","0","0","0","0","1.32"
"2219","1969","109","0.76415","0.55290","0.50","0","0","0","0","1.30"
"2220","1969","110+","0.78193","1.00000","1.28","0","0","0","0","1.28"
"2221","1970","0","0.02375","0.02326","0.11","100000","2326","97920","6603571","66.04"
"2222","1970","1","0.00132","0.00132","0.50","97674","129","97610","6505651","66.61"
"2223","1970","2","0.00083","0.00083","0.50","97546","81","97505","6408041","65.69"
"2224","1970","3","0.00079","0.00079","0.50","97465","77","97427","6310535","64.75"
"2225","1970","4","0.00068","0.00068","0.50","97388","66","97355","6213108","63.80"
"2226","1970","5","0.00044","0.00044","0.50","97322","43","97301","6115753","62.84"
"2227","1970","6","0.00053","0.00053","0.50","97280","52","97254","6018452","61.87"
"2228","1970","7","0.00056","0.00056","0.50","97228","54","97201","5921198","60.90"
"2229","1970","8","0.00041","0.00041","0.50","97173","40","97154","5823998","59.93"
"2230","1970","9","0.00042","0.00042","0.50","97134","40","97114","5726844","58.96"
"2231","1970","10","0.00046","0.00046","0.50","97093","45","97071","5629730","57.98"
"2232","1970","11","0.00051","0.00051","0.50","97048","50","97023","5532659","57.01"
"2233","1970","12","0.00044","0.00044","0.50","96999","42","96977","5435636","56.04"
"2234","1970","13","0.00031","0.00031","0.50","96956","30","96941","5338659","55.06"
"2235","1970","14","0.00068","0.00068","0.50","96926","66","96894","5241717","54.08"
"2236","1970","15","0.00064","0.00064","0.50","96861","62","96830","5144824","53.12"
"2237","1970","16","0.00100","0.00100","0.50","96799","97","96750","5047994","52.15"
"2238","1970","17","0.00116","0.00116","0.50","96702","112","96646","4951244","51.20"
"2239","1970","18","0.00170","0.00170","0.50","96590","164","96508","4854598","50.26"
"2240","1970","19","0.00171","0.00171","0.50","96426","165","96343","4758090","49.34"
"2241","1970","20","0.00194","0.00194","0.50","96261","186","96168","4661747","48.43"
"2242","1970","21","0.00157","0.00156","0.50","96075","150","96000","4565579","47.52"
"2243","1970","22","0.00160","0.00160","0.50","95924","153","95848","4469579","46.59"
"2244","1970","23","0.00179","0.00179","0.50","95771","171","95686","4373732","45.67"
"2245","1970","24","0.00189","0.00189","0.50","95600","181","95510","4278046","44.75"
"2246","1970","25","0.00177","0.00176","0.50","95420","168","95336","4182536","43.83"
"2247","1970","26","0.00173","0.00173","0.50","95251","165","95169","4087200","42.91"
"2248","1970","27","0.00180","0.00180","0.50","95087","171","95001","3992031","41.98"
"2249","1970","28","0.00172","0.00172","0.50","94916","163","94834","3897030","41.06"
"2250","1970","29","0.00178","0.00178","0.50","94753","169","94668","3802196","40.13"
"2251","1970","30","0.00198","0.00198","0.50","94584","187","94491","3707528","39.20"
"2252","1970","31","0.00214","0.00214","0.50","94397","202","94296","3613037","38.27"
"2253","1970","32","0.00242","0.00242","0.50","94195","228","94081","3518741","37.36"
"2254","1970","33","0.00236","0.00236","0.50","93967","222","93856","3424660","36.45"
"2255","1970","34","0.00237","0.00237","0.50","93746","222","93635","3330804","35.53"
"2256","1970","35","0.00229","0.00229","0.50","93524","214","93417","3237169","34.61"
"2257","1970","36","0.00281","0.00280","0.50","93310","261","93179","3143753","33.69"
"2258","1970","37","0.00283","0.00283","0.50","93048","263","92917","3050573","32.78"
"2259","1970","38","0.00314","0.00314","0.50","92785","291","92640","2957657","31.88"
"2260","1970","39","0.00317","0.00317","0.50","92494","293","92348","2865017","30.98"
"2261","1970","40","0.00356","0.00355","0.50","92201","327","92038","2772669","30.07"
"2262","1970","41","0.00384","0.00383","0.50","91874","352","91698","2680631","29.18"
"2263","1970","42","0.00433","0.00432","0.50","91522","396","91324","2588933","28.29"
"2264","1970","43","0.00457","0.00456","0.50","91126","415","90919","2497609","27.41"
"2265","1970","44","0.00498","0.00496","0.50","90711","450","90486","2406690","26.53"
"2266","1970","45","0.00570","0.00569","0.50","90261","513","90004","2316204","25.66"
"2267","1970","46","0.00666","0.00664","0.50","89747","596","89450","2226200","24.81"
"2268","1970","47","0.00693","0.00691","0.50","89152","616","88844","2136750","23.97"
"2269","1970","48","0.00771","0.00768","0.50","88536","680","88196","2047907","23.13"
"2270","1970","49","0.00856","0.00852","0.50","87855","749","87481","1959711","22.31"
"2271","1970","50","0.01017","0.01012","0.50","87107","881","86666","1872230","21.49"
"2272","1970","51","0.01086","0.01081","0.50","86225","932","85760","1785564","20.71"
"2273","1970","52","0.01130","0.01123","0.50","85294","958","84815","1699804","19.93"
"2274","1970","53","0.01284","0.01276","0.50","84336","1076","83798","1614990","19.15"
"2275","1970","54","0.01259","0.01251","0.50","83259","1042","82739","1531192","18.39"
"2276","1970","55","0.01477","0.01467","0.50","82218","1206","81615","1448453","17.62"
"2277","1970","56","0.01653","0.01639","0.50","81012","1328","80348","1366838","16.87"
"2278","1970","57","0.01756","0.01741","0.50","79684","1387","78991","1286490","16.14"
"2279","1970","58","0.02057","0.02036","0.50","78297","1594","77500","1207500","15.42"
"2280","1970","59","0.02214","0.02189","0.50","76702","1679","75863","1130000","14.73"
"2281","1970","60","0.02521","0.02490","0.50","75023","1868","74089","1054137","14.05"
"2282","1970","61","0.02752","0.02714","0.50","73155","1986","72162","980048","13.40"
"2283","1970","62","0.03170","0.03120","0.50","71170","2221","70059","907886","12.76"
"2284","1970","63","0.03491","0.03431","0.50","68949","2365","67766","837826","12.15"
"2285","1970","64","0.03647","0.03582","0.50","66583","2385","65391","770060","11.57"
"2286","1970","65","0.04221","0.04134","0.50","64199","2654","62871","704669","10.98"
"2287","1970","66","0.04693","0.04585","0.50","61544","2822","60133","641798","10.43"
"2288","1970","67","0.05259","0.05125","0.50","58723","3009","57218","581664","9.91"
"2289","1970","68","0.05741","0.05581","0.50","55713","3109","54159","524446","9.41"
"2290","1970","69","0.06175","0.05990","0.50","52604","3151","51028","470288","8.94"
"2291","1970","70","0.06913","0.06682","0.50","49453","3305","47800","419259","8.48"
"2292","1970","71","0.07227","0.06975","0.50","46148","3219","44539","371459","8.05"
"2293","1970","72","0.08125","0.07808","0.50","42929","3352","41254","326920","7.62"
"2294","1970","73","0.08773","0.08404","0.50","39578","3326","37915","285666","7.22"
"2295","1970","74","0.09327","0.08912","0.50","36252","3231","34636","247752","6.83"
"2296","1970","75","0.10721","0.10176","0.50","33021","3360","31341","213116","6.45"
"2297","1970","76","0.10979","0.10408","0.50","29661","3087","28117","181775","6.13"
"2298","1970","77","0.12044","0.11360","0.50","26574","3019","25064","153657","5.78"
"2299","1970","78","0.12814","0.12042","0.50","23555","2837","22137","128593","5.46"
"2300","1970","79","0.14537","0.13552","0.50","20719","2808","19315","106456","5.14"
"2301","1970","80","0.14823","0.13800","0.50","17911","2472","16675","87141","4.87"
"2302","1970","81","0.16462","0.15210","0.50","15439","2348","14265","70466","4.56"
"2303","1970","82","0.17682","0.16246","0.50","13091","2127","12027","56202","4.29"
"2304","1970","83","0.19015","0.17364","0.50","10964","1904","10012","44174","4.03"
"2305","1970","84","0.21926","0.19760","0.50","9060","1790","8165","34162","3.77"
"2306","1970","85","0.23062","0.20677","0.50","7270","1503","6518","25997","3.58"
"2307","1970","86","0.24058","0.21475","0.50","5767","1238","5148","19478","3.38"
"2308","1970","87","0.27011","0.23797","0.50","4528","1078","3990","14331","3.16"
"2309","1970","88","0.27743","0.24363","0.50","3451","841","3030","10341","3.00"
"2310","1970","89","0.31703","0.27365","0.50","2610","714","2253","7311","2.80"
"2311","1970","90","0.31682","0.27349","0.50","1896","518","1637","5058","2.67"
"2312","1970","91","0.35139","0.29888","0.50","1377","412","1171","3421","2.48"
"2313","1970","92","0.40793","0.33882","0.50","966","327","802","2250","2.33"
"2314","1970","93","0.40134","0.33426","0.50","638","213","532","1448","2.27"
"2315","1970","94","0.42626","0.35137","0.50","425","149","350","916","2.16"
"2316","1970","95","0.45156","0.36838","0.50","276","102","225","566","2.05"
"2317","1970","96","0.47711","0.38521","0.50","174","67","141","341","1.96"
"2318","1970","97","0.50278","0.40178","0.50","107","43","86","200","1.87"
"2319","1970","98","0.52844","0.41800","0.50","64","27","51","115","1.79"
"2320","1970","99","0.55395","0.43380","0.50","37","16","29","64","1.72"
"2321","1970","100","0.57918","0.44912","0.50","21","9","16","35","1.65"
"2322","1970","101","0.60400","0.46390","0.50","12","5","9","19","1.59"
"2323","1970","102","0.62830","0.47810","0.50","6","3","5","10","1.54"
"2324","1970","103","0.65196","0.49168","0.50","3","2","2","5","1.49"
"2325","1970","104","0.67490","0.50462","0.50","2","1","1","2","1.44"
"2326","1970","105","0.69703","0.51689","0.50","1","0","1","1","1.40"
"2327","1970","106","0.71828","0.52848","0.50","0","0","0","1","1.36"
"2328","1970","107","0.73860","0.53940","0.50","0","0","0","0","1.33"
"2329","1970","108","0.75795","0.54965","0.50","0","0","0","0","1.30"
"2330","1970","109","0.77630","0.55923","0.50","0","0","0","0","1.28"
"2331","1970","110+","0.79363","1.00000","1.26","0","0","0","0","1.26"
"2332","1971","0","0.02442","0.02390","0.11","100000","2390","97868","6616002","66.16"
"2333","1971","1","0.00156","0.00156","0.50","97610","152","97534","6518134","66.78"
"2334","1971","2","0.00072","0.00072","0.50","97457","70","97422","6420600","65.88"
"2335","1971","3","0.00086","0.00086","0.50","97387","83","97345","6323178","64.93"
"2336","1971","4","0.00070","0.00070","0.50","97303","69","97269","6225833","63.98"
"2337","1971","5","0.00049","0.00049","0.50","97235","48","97211","6128564","63.03"
"2338","1971","6","0.00042","0.00042","0.50","97187","41","97166","6031353","62.06"
"2339","1971","7","0.00047","0.00047","0.50","97146","46","97123","5934187","61.09"
"2340","1971","8","0.00052","0.00052","0.50","97100","50","97075","5837064","60.11"
"2341","1971","9","0.00044","0.00044","0.50","97050","42","97029","5739989","59.14"
"2342","1971","10","0.00048","0.00048","0.50","97007","46","96984","5642960","58.17"
"2343","1971","11","0.00042","0.00042","0.50","96961","40","96941","5545976","57.20"
"2344","1971","12","0.00038","0.00038","0.50","96920","37","96902","5449035","56.22"
"2345","1971","13","0.00069","0.00069","0.50","96884","67","96850","5352133","55.24"
"2346","1971","14","0.00058","0.00057","0.50","96817","56","96789","5255283","54.28"
"2347","1971","15","0.00069","0.00069","0.50","96761","67","96728","5158494","53.31"
"2348","1971","16","0.00100","0.00100","0.50","96694","97","96646","5061766","52.35"
"2349","1971","17","0.00126","0.00126","0.50","96598","121","96537","4965120","51.40"
"2350","1971","18","0.00160","0.00160","0.50","96476","155","96399","4868583","50.46"
"2351","1971","19","0.00163","0.00163","0.50","96322","157","96243","4772184","49.54"
"2352","1971","20","0.00150","0.00150","0.50","96164","144","96093","4675940","48.62"
"2353","1971","21","0.00160","0.00160","0.50","96021","153","95944","4579848","47.70"
"2354","1971","22","0.00166","0.00166","0.50","95867","159","95788","4483904","46.77"
"2355","1971","23","0.00173","0.00173","0.50","95708","166","95626","4388116","45.85"
"2356","1971","24","0.00144","0.00144","0.50","95543","138","95474","4292490","44.93"
"2357","1971","25","0.00150","0.00149","0.50","95405","143","95334","4197016","43.99"
"2358","1971","26","0.00161","0.00161","0.50","95262","153","95186","4101683","43.06"
"2359","1971","27","0.00178","0.00177","0.50","95109","169","95025","4006497","42.13"
"2360","1971","28","0.00175","0.00175","0.50","94940","166","94857","3911472","41.20"
"2361","1971","29","0.00178","0.00178","0.50","94774","169","94690","3816615","40.27"
"2362","1971","30","0.00158","0.00158","0.50","94605","150","94530","3721925","39.34"
"2363","1971","31","0.00205","0.00205","0.50","94456","193","94359","3627395","38.40"
"2364","1971","32","0.00178","0.00178","0.50","94262","167","94178","3533036","37.48"
"2365","1971","33","0.00256","0.00255","0.50","94095","240","93975","3438858","36.55"
"2366","1971","34","0.00243","0.00242","0.50","93854","227","93741","3344883","35.64"
"2367","1971","35","0.00229","0.00228","0.50","93627","214","93520","3251143","34.72"
"2368","1971","36","0.00253","0.00253","0.50","93413","236","93295","3157622","33.80"
"2369","1971","37","0.00291","0.00290","0.50","93177","270","93042","3064327","32.89"
"2370","1971","38","0.00271","0.00271","0.50","92907","251","92781","2971285","31.98"
"2371","1971","39","0.00358","0.00357","0.50","92655","331","92490","2878504","31.07"
"2372","1971","40","0.00345","0.00345","0.50","92324","318","92165","2786014","30.18"
"2373","1971","41","0.00372","0.00371","0.50","92006","341","91836","2693849","29.28"
"2374","1971","42","0.00471","0.00470","0.50","91665","431","91450","2602013","28.39"
"2375","1971","43","0.00473","0.00472","0.50","91234","430","91019","2510564","27.52"
"2376","1971","44","0.00534","0.00533","0.50","90804","484","90562","2419545","26.65"
"2377","1971","45","0.00581","0.00579","0.50","90320","523","90058","2328983","25.79"
"2378","1971","46","0.00643","0.00641","0.50","89797","576","89509","2238924","24.93"
"2379","1971","47","0.00723","0.00720","0.50","89221","642","88900","2149416","24.09"
"2380","1971","48","0.00842","0.00838","0.50","88579","742","88208","2060516","23.26"
"2381","1971","49","0.00872","0.00868","0.50","87836","763","87455","1972308","22.45"
"2382","1971","50","0.00918","0.00914","0.50","87074","796","86676","1884853","21.65"
"2383","1971","51","0.01052","0.01046","0.50","86278","903","85827","1798177","20.84"
"2384","1971","52","0.01112","0.01106","0.50","85375","944","84903","1712350","20.06"
"2385","1971","53","0.01214","0.01207","0.50","84431","1019","83921","1627447","19.28"
"2386","1971","54","0.01354","0.01345","0.50","83412","1122","82851","1543526","18.50"
"2387","1971","55","0.01386","0.01377","0.50","82290","1133","81724","1460675","17.75"
"2388","1971","56","0.01594","0.01581","0.50","81157","1283","80516","1378951","16.99"
"2389","1971","57","0.01754","0.01739","0.50","79874","1389","79180","1298436","16.26"
"2390","1971","58","0.01971","0.01952","0.50","78485","1532","77719","1219256","15.53"
"2391","1971","59","0.02128","0.02106","0.50","76953","1621","76142","1141537","14.83"
"2392","1971","60","0.02411","0.02382","0.50","75332","1794","74435","1065395","14.14"
"2393","1971","61","0.02752","0.02714","0.50","73538","1996","72540","990960","13.48"
"2394","1971","62","0.03133","0.03084","0.50","71542","2207","70438","918420","12.84"
"2395","1971","63","0.03360","0.03305","0.50","69335","2291","68189","847982","12.23"
"2396","1971","64","0.03829","0.03757","0.50","67044","2519","65784","779792","11.63"
"2397","1971","65","0.04018","0.03939","0.50","64525","2542","63254","714008","11.07"
"2398","1971","66","0.04545","0.04444","0.50","61983","2755","60606","650754","10.50"
"2399","1971","67","0.05012","0.04890","0.50","59229","2896","57781","590148","9.96"
"2400","1971","68","0.05655","0.05499","0.50","56332","3098","54784","532368","9.45"
"2401","1971","69","0.06451","0.06249","0.50","53235","3327","51571","477584","8.97"
"2402","1971","70","0.06677","0.06461","0.50","49908","3225","48296","426013","8.54"
"2403","1971","71","0.07452","0.07184","0.50","46683","3354","45006","377717","8.09"
"2404","1971","72","0.08190","0.07868","0.50","43330","3409","41625","332711","7.68"
"2405","1971","73","0.08640","0.08283","0.50","39921","3306","38267","291086","7.29"
"2406","1971","74","0.09374","0.08955","0.50","36614","3279","34975","252818","6.90"
"2407","1971","75","0.10151","0.09661","0.50","33335","3221","31725","217843","6.53"
"2408","1971","76","0.10836","0.10279","0.50","30115","3096","28567","186118","6.18"
"2409","1971","77","0.12035","0.11352","0.50","27019","3067","25486","157551","5.83"
"2410","1971","78","0.12431","0.11703","0.50","23952","2803","22551","132065","5.51"
"2411","1971","79","0.14361","0.13398","0.50","21149","2834","19732","109515","5.18"
"2412","1971","80","0.14436","0.13464","0.50","18315","2466","17082","89783","4.90"
"2413","1971","81","0.15725","0.14579","0.50","15849","2311","14694","72700","4.59"
"2414","1971","82","0.18216","0.16695","0.50","13539","2260","12409","58006","4.28"
"2415","1971","83","0.18864","0.17238","0.50","11278","1944","10306","45598","4.04"
"2416","1971","84","0.21283","0.19236","0.50","9334","1796","8436","35291","3.78"
"2417","1971","85","0.22711","0.20395","0.50","7539","1538","6770","26855","3.56"
"2418","1971","86","0.25639","0.22726","0.50","6001","1364","5319","20085","3.35"
"2419","1971","87","0.27276","0.24003","0.50","4637","1113","4081","14766","3.18"
"2420","1971","88","0.29368","0.25608","0.50","3524","902","3073","10685","3.03"
"2421","1971","89","0.27763","0.24379","0.50","2622","639","2302","7612","2.90"
"2422","1971","90","0.32186","0.27724","0.50","1983","550","1708","5310","2.68"
"2423","1971","91","0.32324","0.27827","0.50","1433","399","1234","3602","2.51"
"2424","1971","92","0.42135","0.34803","0.50","1034","360","854","2368","2.29"
"2425","1971","93","0.40632","0.33771","0.50","674","228","560","1514","2.25"
"2426","1971","94","0.43011","0.35399","0.50","447","158","368","954","2.14"
"2427","1971","95","0.45610","0.37140","0.50","288","107","235","586","2.03"
"2428","1971","96","0.48233","0.38861","0.50","181","70","146","351","1.94"
"2429","1971","97","0.50866","0.40553","0.50","111","45","88","205","1.85"
"2430","1971","98","0.53495","0.42206","0.50","66","28","52","117","1.77"
"2431","1971","99","0.56104","0.43813","0.50","38","17","30","65","1.70"
"2432","1971","100","0.58679","0.45368","0.50","21","10","17","35","1.63"
"2433","1971","101","0.61208","0.46865","0.50","12","5","9","18","1.57"
"2434","1971","102","0.63678","0.48300","0.50","6","3","5","9","1.52"
"2435","1971","103","0.66078","0.49668","0.50","3","2","2","5","1.47"
"2436","1971","104","0.68398","0.50968","0.50","2","1","1","2","1.42"
"2437","1971","105","0.70630","0.52197","0.50","1","0","1","1","1.38"
"2438","1971","106","0.72767","0.53355","0.50","0","0","0","1","1.35"
"2439","1971","107","0.74804","0.54442","0.50","0","0","0","0","1.31"
"2440","1971","108","0.76737","0.55459","0.50","0","0","0","0","1.28"
"2441","1971","109","0.78565","0.56407","0.50","0","0","0","0","1.26"
"2442","1971","110+","0.80286","1.00000","1.25","0","0","0","0","1.25"
"2443","1972","0","0.02337","0.02289","0.10","100000","2289","97950","6680600","66.81"
"2444","1972","1","0.00111","0.00111","0.50","97711","108","97657","6582650","67.37"
"2445","1972","2","0.00100","0.00100","0.50","97603","97","97554","6484993","66.44"
"2446","1972","3","0.00057","0.00057","0.50","97505","55","97478","6387439","65.51"
"2447","1972","4","0.00048","0.00048","0.50","97450","47","97427","6289961","64.55"
"2448","1972","5","0.00050","0.00050","0.50","97403","49","97379","6192535","63.58"
"2449","1972","6","0.00047","0.00047","0.50","97354","45","97332","6095156","62.61"
"2450","1972","7","0.00058","0.00058","0.50","97309","57","97281","5997824","61.64"
"2451","1972","8","0.00050","0.00050","0.50","97252","48","97228","5900544","60.67"
"2452","1972","9","0.00023","0.00023","0.50","97204","22","97193","5803316","59.70"
"2453","1972","10","0.00038","0.00038","0.50","97182","37","97163","5706123","58.72"
"2454","1972","11","0.00046","0.00046","0.50","97145","45","97122","5608960","57.74"
"2455","1972","12","0.00045","0.00045","0.50","97100","44","97078","5511837","56.76"
"2456","1972","13","0.00042","0.00042","0.50","97056","41","97036","5414759","55.79"
"2457","1972","14","0.00054","0.00054","0.50","97015","53","96989","5317723","54.81"
"2458","1972","15","0.00059","0.00059","0.50","96962","57","96934","5220735","53.84"
"2459","1972","16","0.00103","0.00103","0.50","96905","99","96856","5123801","52.87"
"2460","1972","17","0.00123","0.00123","0.50","96806","119","96746","5026945","51.93"
"2461","1972","18","0.00163","0.00163","0.50","96687","157","96608","4930198","50.99"
"2462","1972","19","0.00118","0.00118","0.50","96529","114","96472","4833590","50.07"
"2463","1972","20","0.00152","0.00152","0.50","96415","147","96342","4737118","49.13"
"2464","1972","21","0.00178","0.00178","0.50","96268","172","96183","4640776","48.21"
"2465","1972","22","0.00183","0.00183","0.50","96097","176","96009","4544594","47.29"
"2466","1972","23","0.00137","0.00137","0.50","95921","132","95855","4448585","46.38"
"2467","1972","24","0.00143","0.00143","0.50","95789","137","95721","4352730","45.44"
"2468","1972","25","0.00161","0.00161","0.50","95652","154","95575","4257009","44.51"
"2469","1972","26","0.00157","0.00157","0.50","95498","150","95423","4161434","43.58"
"2470","1972","27","0.00158","0.00157","0.50","95348","150","95273","4066011","42.64"
"2471","1972","28","0.00161","0.00161","0.50","95198","153","95121","3970738","41.71"
"2472","1972","29","0.00174","0.00174","0.50","95045","165","94962","3875616","40.78"
"2473","1972","30","0.00153","0.00153","0.50","94879","145","94807","3780654","39.85"
"2474","1972","31","0.00188","0.00188","0.50","94734","178","94645","3685848","38.91"
"2475","1972","32","0.00176","0.00176","0.50","94556","166","94473","3591203","37.98"
"2476","1972","33","0.00201","0.00201","0.50","94390","190","94295","3496730","37.05"
"2477","1972","34","0.00204","0.00204","0.50","94200","192","94104","3402435","36.12"
"2478","1972","35","0.00228","0.00228","0.50","94008","214","93901","3308331","35.19"
"2479","1972","36","0.00246","0.00246","0.50","93794","231","93678","3214430","34.27"
"2480","1972","37","0.00250","0.00250","0.50","93563","234","93446","3120751","33.35"
"2481","1972","38","0.00302","0.00302","0.50","93329","282","93189","3027305","32.44"
"2482","1972","39","0.00345","0.00344","0.50","93048","320","92888","2934117","31.53"
"2483","1972","40","0.00354","0.00354","0.50","92728","328","92564","2841229","30.64"
"2484","1972","41","0.00347","0.00346","0.50","92400","320","92240","2748665","29.75"
"2485","1972","42","0.00430","0.00429","0.50","92080","395","91882","2656425","28.85"
"2486","1972","43","0.00494","0.00493","0.50","91685","452","91459","2564543","27.97"
"2487","1972","44","0.00435","0.00434","0.50","91233","396","91035","2473084","27.11"
"2488","1972","45","0.00465","0.00464","0.50","90837","421","90627","2382049","26.22"
"2489","1972","46","0.00667","0.00665","0.50","90416","601","90115","2291423","25.34"
"2490","1972","47","0.00662","0.00660","0.50","89815","593","89519","2201307","24.51"
"2491","1972","48","0.00699","0.00697","0.50","89222","622","88912","2111789","23.67"
"2492","1972","49","0.00766","0.00764","0.50","88601","676","88262","2022877","22.83"
"2493","1972","50","0.01006","0.01001","0.50","87924","880","87484","1934615","22.00"
"2494","1972","51","0.00955","0.00950","0.50","87044","827","86631","1847131","21.22"
"2495","1972","52","0.01139","0.01132","0.50","86217","976","85729","1760500","20.42"
"2496","1972","53","0.01352","0.01343","0.50","85241","1145","84668","1674771","19.65"
"2497","1972","54","0.01216","0.01209","0.50","84096","1016","83588","1590103","18.91"
"2498","1972","55","0.01539","0.01527","0.50","83080","1269","82445","1506515","18.13"
"2499","1972","56","0.01444","0.01434","0.50","81811","1173","81224","1424070","17.41"
"2500","1972","57","0.01698","0.01684","0.50","80638","1358","79959","1342845","16.65"
"2501","1972","58","0.01866","0.01848","0.50","79280","1465","78547","1262886","15.93"
"2502","1972","59","0.02122","0.02100","0.50","77815","1634","76998","1184339","15.22"
"2503","1972","60","0.02403","0.02375","0.50","76181","1809","75276","1107342","14.54"
"2504","1972","61","0.02667","0.02632","0.50","74371","1958","73393","1032066","13.88"
"2505","1972","62","0.02910","0.02869","0.50","72414","2077","71375","958673","13.24"
"2506","1972","63","0.03125","0.03077","0.50","70337","2164","69254","887298","12.62"
"2507","1972","64","0.03567","0.03505","0.50","68172","2389","66978","818043","12.00"
"2508","1972","65","0.03985","0.03907","0.50","65783","2570","64498","751066","11.42"
"2509","1972","66","0.04463","0.04366","0.50","63213","2760","61833","686568","10.86"
"2510","1972","67","0.04695","0.04587","0.50","60453","2773","59066","624735","10.33"
"2511","1972","68","0.05320","0.05182","0.50","57680","2989","56185","565669","9.81"
"2512","1972","69","0.05887","0.05718","0.50","54691","3127","53127","509483","9.32"
"2513","1972","70","0.06275","0.06084","0.50","51563","3137","49995","456356","8.85"
"2514","1972","71","0.06769","0.06547","0.50","48426","3171","46841","406361","8.39"
"2515","1972","72","0.07264","0.07010","0.50","45256","3172","43669","359521","7.94"
"2516","1972","73","0.08351","0.08017","0.50","42083","3374","40396","315851","7.51"
"2517","1972","74","0.08913","0.08532","0.50","38710","3303","37058","275455","7.12"
"2518","1972","75","0.09658","0.09214","0.50","35407","3262","33776","238396","6.73"
"2519","1972","76","0.09951","0.09479","0.50","32145","3047","30621","204621","6.37"
"2520","1972","77","0.11340","0.10732","0.50","29098","3123","27536","174000","5.98"
"2521","1972","78","0.12430","0.11703","0.50","25975","3040","24455","146463","5.64"
"2522","1972","79","0.13252","0.12428","0.50","22935","2850","21510","122008","5.32"
"2523","1972","80","0.14029","0.13109","0.50","20085","2633","18768","100499","5.00"
"2524","1972","81","0.15869","0.14703","0.50","17452","2566","16169","81731","4.68"
"2525","1972","82","0.17296","0.15920","0.50","14886","2370","13701","65562","4.40"
"2526","1972","83","0.19173","0.17496","0.50","12516","2190","11421","51861","4.14"
"2527","1972","84","0.19561","0.17818","0.50","10326","1840","9406","40440","3.92"
"2528","1972","85","0.22272","0.20040","0.50","8486","1701","7636","31034","3.66"
"2529","1972","86","0.24149","0.21547","0.50","6786","1462","6055","23398","3.45"
"2530","1972","87","0.25499","0.22616","0.50","5323","1204","4722","17343","3.26"
"2531","1972","88","0.27747","0.24367","0.50","4120","1004","3618","12622","3.06"
"2532","1972","89","0.29888","0.26002","0.50","3116","810","2711","9004","2.89"
"2533","1972","90","0.33433","0.28645","0.50","2306","660","1975","6294","2.73"
"2534","1972","91","0.34891","0.29709","0.50","1645","489","1401","4318","2.62"
"2535","1972","92","0.35916","0.30448","0.50","1156","352","980","2917","2.52"
"2536","1972","93","0.34530","0.29446","0.50","804","237","686","1937","2.41"
"2537","1972","94","0.41499","0.34368","0.50","567","195","470","1251","2.20"
"2538","1972","95","0.44012","0.36074","0.50","372","134","305","781","2.10"
"2539","1972","96","0.46557","0.37766","0.50","238","90","193","476","2.00"
"2540","1972","97","0.49120","0.39435","0.50","148","58","119","283","1.91"
"2541","1972","98","0.51687","0.41072","0.50","90","37","71","164","1.83"
"2542","1972","99","0.54245","0.42672","0.50","53","23","42","93","1.75"
"2543","1972","100","0.56782","0.44226","0.50","30","13","24","51","1.68"
"2544","1972","101","0.59283","0.45728","0.50","17","8","13","27","1.62"
"2545","1972","102","0.61737","0.47175","0.50","9","4","7","14","1.56"
"2546","1972","103","0.64132","0.48561","0.50","5","2","4","7","1.51"
"2547","1972","104","0.66459","0.49883","0.50","2","1","2","4","1.46"
"2548","1972","105","0.68709","0.51140","0.50","1","1","1","2","1.42"
"2549","1972","106","0.70874","0.52330","0.50","1","0","0","1","1.38"
"2550","1972","107","0.72948","0.53452","0.50","0","0","0","0","1.34"
"2551","1972","108","0.74927","0.54507","0.50","0","0","0","0","1.31"
"2552","1972","109","0.76807","0.55495","0.50","0","0","0","0","1.29"
"2553","1972","110+","0.78586","1.00000","1.27","0","0","0","0","1.27"
"2554","1973","0","0.02456","0.02403","0.11","100000","2403","97857","6652769","66.53"
"2555","1973","1","0.00122","0.00122","0.50","97597","119","97537","6554912","67.16"
"2556","1973","2","0.00079","0.00079","0.50","97477","77","97439","6457375","66.24"
"2557","1973","3","0.00048","0.00048","0.50","97400","47","97377","6359936","65.30"
"2558","1973","4","0.00064","0.00064","0.50","97353","62","97322","6262559","64.33"
"2559","1973","5","0.00057","0.00057","0.50","97291","55","97263","6165237","63.37"
"2560","1973","6","0.00050","0.00050","0.50","97236","49","97211","6067974","62.40"
"2561","1973","7","0.00055","0.00055","0.50","97187","54","97160","5970762","61.44"
"2562","1973","8","0.00047","0.00047","0.50","97133","45","97111","5873602","60.47"
"2563","1973","9","0.00037","0.00037","0.50","97088","36","97070","5776492","59.50"
"2564","1973","10","0.00046","0.00046","0.50","97053","45","97030","5679421","58.52"
"2565","1973","11","0.00050","0.00050","0.50","97008","48","96984","5582391","57.55"
"2566","1973","12","0.00034","0.00034","0.50","96960","33","96943","5485408","56.57"
"2567","1973","13","0.00026","0.00026","0.50","96927","25","96914","5388465","55.59"
"2568","1973","14","0.00060","0.00060","0.50","96901","58","96872","5291551","54.61"
"2569","1973","15","0.00064","0.00064","0.50","96843","62","96812","5194679","53.64"
"2570","1973","16","0.00088","0.00088","0.50","96781","85","96738","5097867","52.67"
"2571","1973","17","0.00144","0.00144","0.50","96695","139","96626","5001129","51.72"
"2572","1973","18","0.00155","0.00155","0.50","96557","150","96482","4904503","50.79"
"2573","1973","19","0.00147","0.00147","0.50","96407","142","96336","4808022","49.87"
"2574","1973","20","0.00148","0.00148","0.50","96265","142","96194","4711686","48.95"
"2575","1973","21","0.00151","0.00151","0.50","96123","145","96050","4615492","48.02"
"2576","1973","22","0.00148","0.00148","0.50","95977","142","95906","4519442","47.09"
"2577","1973","23","0.00169","0.00168","0.50","95835","161","95755","4423535","46.16"
"2578","1973","24","0.00141","0.00141","0.50","95674","135","95606","4327781","45.23"
"2579","1973","25","0.00131","0.00131","0.50","95539","126","95476","4232174","44.30"
"2580","1973","26","0.00152","0.00152","0.50","95413","145","95341","4136698","43.36"
"2581","1973","27","0.00175","0.00174","0.50","95269","166","95186","4041357","42.42"
"2582","1973","28","0.00136","0.00136","0.50","95103","129","95038","3946171","41.49"
"2583","1973","29","0.00193","0.00193","0.50","94973","183","94882","3851133","40.55"
"2584","1973","30","0.00170","0.00170","0.50","94790","161","94710","3756252","39.63"
"2585","1973","31","0.00141","0.00141","0.50","94629","134","94562","3661542","38.69"
"2586","1973","32","0.00193","0.00193","0.50","94495","182","94404","3566980","37.75"
"2587","1973","33","0.00188","0.00188","0.50","94313","177","94224","3472576","36.82"
"2588","1973","34","0.00200","0.00200","0.50","94136","188","94042","3378352","35.89"
"2589","1973","35","0.00184","0.00184","0.50","93948","173","93861","3284310","34.96"
"2590","1973","36","0.00227","0.00227","0.50","93775","213","93669","3190449","34.02"
"2591","1973","37","0.00247","0.00247","0.50","93562","231","93447","3096780","33.10"
"2592","1973","38","0.00278","0.00278","0.50","93332","259","93202","3003333","32.18"
"2593","1973","39","0.00312","0.00312","0.50","93072","290","92927","2910131","31.27"
"2594","1973","40","0.00346","0.00345","0.50","92782","321","92622","2817204","30.36"
"2595","1973","41","0.00348","0.00347","0.50","92462","321","92301","2724582","29.47"
"2596","1973","42","0.00432","0.00431","0.50","92141","397","91942","2632280","28.57"
"2597","1973","43","0.00459","0.00458","0.50","91744","421","91534","2540338","27.69"
"2598","1973","44","0.00533","0.00532","0.50","91323","486","91081","2448804","26.81"
"2599","1973","45","0.00522","0.00521","0.50","90838","473","90601","2357724","25.96"
"2600","1973","46","0.00544","0.00543","0.50","90365","491","90120","2267122","25.09"
"2601","1973","47","0.00694","0.00691","0.50","89874","621","89564","2177003","24.22"
"2602","1973","48","0.00699","0.00696","0.50","89253","621","88943","2087439","23.39"
"2603","1973","49","0.00811","0.00808","0.50","88632","716","88274","1998496","22.55"
"2604","1973","50","0.00969","0.00964","0.50","87916","848","87492","1910222","21.73"
"2605","1973","51","0.01031","0.01026","0.50","87068","893","86622","1822730","20.93"
"2606","1973","52","0.01121","0.01115","0.50","86175","961","85694","1736109","20.15"
"2607","1973","53","0.01246","0.01238","0.50","85214","1055","84687","1650414","19.37"
"2608","1973","54","0.01419","0.01409","0.50","84159","1186","83566","1565728","18.60"
"2609","1973","55","0.01391","0.01381","0.50","82974","1146","82401","1482161","17.86"
"2610","1973","56","0.01654","0.01641","0.50","81827","1342","81156","1399761","17.11"
"2611","1973","57","0.01648","0.01634","0.50","80485","1315","79827","1318604","16.38"
"2612","1973","58","0.02077","0.02056","0.50","79170","1628","78356","1238777","15.65"
"2613","1973","59","0.02211","0.02186","0.50","77542","1695","76694","1160421","14.97"
"2614","1973","60","0.02264","0.02238","0.50","75847","1698","74998","1083727","14.29"
"2615","1973","61","0.02715","0.02679","0.50","74149","1986","73156","1008729","13.60"
"2616","1973","62","0.02887","0.02846","0.50","72163","2053","71136","935573","12.96"
"2617","1973","63","0.03250","0.03198","0.50","70109","2242","68988","864437","12.33"
"2618","1973","64","0.03600","0.03536","0.50","67867","2400","66667","795449","11.72"
"2619","1973","65","0.04092","0.04010","0.50","65467","2625","64155","728782","11.13"
"2620","1973","66","0.04657","0.04551","0.50","62842","2860","61412","664627","10.58"
"2621","1973","67","0.04801","0.04689","0.50","59982","2813","58576","603215","10.06"
"2622","1973","68","0.05397","0.05255","0.50","57170","3004","55668","544639","9.53"
"2623","1973","69","0.05891","0.05722","0.50","54166","3099","52616","488971","9.03"
"2624","1973","70","0.06709","0.06492","0.50","51066","3315","49409","436355","8.54"
"2625","1973","71","0.07342","0.07082","0.50","47751","3382","46060","386946","8.10"
"2626","1973","72","0.07698","0.07413","0.50","44369","3289","42725","340886","7.68"
"2627","1973","73","0.08448","0.08105","0.50","41080","3330","39416","298161","7.26"
"2628","1973","74","0.09047","0.08655","0.50","37751","3267","36117","258745","6.85"
"2629","1973","75","0.09945","0.09474","0.50","34483","3267","32850","222628","6.46"
"2630","1973","76","0.11370","0.10758","0.50","31216","3358","29537","189778","6.08"
"2631","1973","77","0.11694","0.11048","0.50","27858","3078","26319","160241","5.75"
"2632","1973","78","0.13275","0.12448","0.50","24780","3085","23238","133922","5.40"
"2633","1973","79","0.14645","0.13646","0.50","21696","2960","20215","110684","5.10"
"2634","1973","80","0.14776","0.13759","0.50","18735","2578","17446","90469","4.83"
"2635","1973","81","0.16144","0.14938","0.50","16157","2414","14950","73023","4.52"
"2636","1973","82","0.17783","0.16331","0.50","13744","2245","12621","58072","4.23"
"2637","1973","83","0.19621","0.17868","0.50","11499","2055","10472","45451","3.95"
"2638","1973","84","0.22297","0.20060","0.50","9444","1895","8497","34979","3.70"
"2639","1973","85","0.24389","0.21738","0.50","7550","1641","6729","26482","3.51"
"2640","1973","86","0.23425","0.20969","0.50","5909","1239","5289","19753","3.34"
"2641","1973","87","0.27960","0.24531","0.50","4670","1146","4097","14463","3.10"
"2642","1973","88","0.27999","0.24561","0.50","3524","866","3091","10367","2.94"
"2643","1973","89","0.31753","0.27402","0.50","2659","729","2294","7275","2.74"
"2644","1973","90","0.33512","0.28703","0.50","1930","554","1653","4981","2.58"
"2645","1973","91","0.35543","0.30180","0.50","1376","415","1168","3328","2.42"
"2646","1973","92","0.39263","0.32820","0.50","961","315","803","2159","2.25"
"2647","1973","93","0.46961","0.38031","0.50","645","245","523","1356","2.10"
"2648","1973","94","0.44212","0.36208","0.50","400","145","328","833","2.08"
"2649","1973","95","0.46879","0.37977","0.50","255","97","207","506","1.98"
"2650","1973","96","0.49565","0.39721","0.50","158","63","127","299","1.89"
"2651","1973","97","0.52253","0.41429","0.50","95","40","76","172","1.81"
"2652","1973","98","0.54928","0.43093","0.50","56","24","44","97","1.73"
"2653","1973","99","0.57575","0.44705","0.50","32","14","25","53","1.66"
"2654","1973","100","0.60179","0.46260","0.50","18","8","14","28","1.59"
"2655","1973","101","0.62727","0.47751","0.50","9","5","7","15","1.54"
"2656","1973","102","0.65206","0.49174","0.50","5","2","4","7","1.48"
"2657","1973","103","0.67605","0.50526","0.50","3","1","2","4","1.44"
"2658","1973","104","0.69915","0.51805","0.50","1","1","1","2","1.39"
"2659","1973","105","0.72129","0.53011","0.50","1","0","0","1","1.36"
"2660","1973","106","0.74239","0.54142","0.50","0","0","0","0","1.32"
"2661","1973","107","0.76242","0.55200","0.50","0","0","0","0","1.29"
"2662","1973","108","0.78136","0.56185","0.50","0","0","0","0","1.26"
"2663","1973","109","0.79918","0.57101","0.50","0","0","0","0","1.24"
"2664","1973","110+","0.81589","1.00000","1.23","0","0","0","0","1.23"
"2665","1974","0","0.02235","0.02191","0.10","100000","2191","98038","6676478","66.76"
"2666","1974","1","0.00096","0.00096","0.50","97809","94","97762","6578440","67.26"
"2667","1974","2","0.00060","0.00060","0.50","97715","58","97686","6480678","66.32"
"2668","1974","3","0.00063","0.00063","0.50","97657","62","97626","6382992","65.36"
"2669","1974","4","0.00057","0.00057","0.50","97595","55","97567","6285366","64.40"
"2670","1974","5","0.00060","0.00060","0.50","97539","58","97510","6187799","63.44"
"2671","1974","6","0.00047","0.00047","0.50","97481","45","97459","6090289","62.48"
"2672","1974","7","0.00050","0.00050","0.50","97436","49","97411","5992830","61.51"
"2673","1974","8","0.00054","0.00054","0.50","97387","52","97361","5895419","60.54"
"2674","1974","9","0.00040","0.00040","0.50","97334","39","97315","5798058","59.57"
"2675","1974","10","0.00048","0.00048","0.50","97296","47","97272","5700743","58.59"
"2676","1974","11","0.00042","0.00042","0.50","97248","41","97228","5603471","57.62"
"2677","1974","12","0.00029","0.00029","0.50","97208","28","97194","5506243","56.64"
"2678","1974","13","0.00034","0.00034","0.50","97180","33","97163","5409049","55.66"
"2679","1974","14","0.00063","0.00063","0.50","97147","62","97116","5311886","54.68"
"2680","1974","15","0.00041","0.00041","0.50","97085","40","97065","5214770","53.71"
"2681","1974","16","0.00082","0.00082","0.50","97046","80","97006","5117704","52.74"
"2682","1974","17","0.00126","0.00126","0.50","96966","122","96905","5020699","51.78"
"2683","1974","18","0.00144","0.00144","0.50","96844","139","96774","4923794","50.84"
"2684","1974","19","0.00125","0.00125","0.50","96705","121","96644","4827020","49.92"
"2685","1974","20","0.00125","0.00125","0.50","96584","120","96524","4730375","48.98"
"2686","1974","21","0.00156","0.00156","0.50","96463","151","96388","4633852","48.04"
"2687","1974","22","0.00155","0.00155","0.50","96313","149","96238","4537463","47.11"
"2688","1974","23","0.00143","0.00142","0.50","96164","137","96095","4441225","46.18"
"2689","1974","24","0.00133","0.00133","0.50","96027","127","95963","4345130","45.25"
"2690","1974","25","0.00141","0.00141","0.50","95899","136","95831","4249167","44.31"
"2691","1974","26","0.00130","0.00129","0.50","95764","124","95702","4153336","43.37"
"2692","1974","27","0.00145","0.00144","0.50","95640","138","95571","4057634","42.43"
"2693","1974","28","0.00140","0.00139","0.50","95501","133","95435","3962064","41.49"
"2694","1974","29","0.00124","0.00124","0.50","95368","119","95309","3866629","40.54"
"2695","1974","30","0.00161","0.00161","0.50","95250","153","95173","3771320","39.59"
"2696","1974","31","0.00148","0.00148","0.50","95097","141","95026","3676146","38.66"
"2697","1974","32","0.00161","0.00161","0.50","94956","153","94879","3581120","37.71"
"2698","1974","33","0.00140","0.00139","0.50","94803","132","94737","3486241","36.77"
"2699","1974","34","0.00177","0.00177","0.50","94670","167","94587","3391504","35.82"
"2700","1974","35","0.00236","0.00236","0.50","94503","223","94392","3296918","34.89"
"2701","1974","36","0.00241","0.00241","0.50","94280","227","94167","3202526","33.97"
"2702","1974","37","0.00248","0.00248","0.50","94053","233","93937","3108359","33.05"
"2703","1974","38","0.00299","0.00298","0.50","93820","280","93680","3014422","32.13"
"2704","1974","39","0.00235","0.00235","0.50","93540","220","93430","2920742","31.22"
"2705","1974","40","0.00322","0.00321","0.50","93320","300","93170","2827312","30.30"
"2706","1974","41","0.00412","0.00412","0.50","93020","383","92829","2734142","29.39"
"2707","1974","42","0.00369","0.00368","0.50","92637","341","92467","2641313","28.51"
"2708","1974","43","0.00442","0.00441","0.50","92296","407","92093","2548846","27.62"
"2709","1974","44","0.00534","0.00532","0.50","91889","489","91645","2456753","26.74"
"2710","1974","45","0.00579","0.00578","0.50","91400","528","91136","2365109","25.88"
"2711","1974","46","0.00606","0.00604","0.50","90872","549","90598","2273973","25.02"
"2712","1974","47","0.00695","0.00692","0.50","90323","625","90011","2183375","24.17"
"2713","1974","48","0.00760","0.00757","0.50","89698","679","89359","2093364","23.34"
"2714","1974","49","0.00834","0.00831","0.50","89019","739","88650","2004005","22.51"
"2715","1974","50","0.00955","0.00950","0.50","88280","839","87861","1915355","21.70"
"2716","1974","51","0.01078","0.01072","0.50","87441","937","86972","1827495","20.90"
"2717","1974","52","0.01199","0.01192","0.50","86504","1031","85988","1740522","20.12"
"2718","1974","53","0.01265","0.01257","0.50","85473","1075","84935","1654534","19.36"
"2719","1974","54","0.01362","0.01352","0.50","84398","1141","83827","1569599","18.60"
"2720","1974","55","0.01578","0.01566","0.50","83257","1304","82605","1485772","17.85"
"2721","1974","56","0.01411","0.01401","0.50","81953","1148","81379","1403167","17.12"
"2722","1974","57","0.01933","0.01914","0.50","80805","1547","80031","1321788","16.36"
"2723","1974","58","0.01786","0.01770","0.50","79258","1403","78556","1241757","15.67"
"2724","1974","59","0.02179","0.02156","0.50","77855","1678","77016","1163201","14.94"
"2725","1974","60","0.02370","0.02342","0.50","76177","1784","75285","1086185","14.26"
"2726","1974","61","0.02635","0.02601","0.50","74393","1935","73425","1010900","13.59"
"2727","1974","62","0.03066","0.03020","0.50","72458","2188","71363","937475","12.94"
"2728","1974","63","0.03206","0.03156","0.50","70269","2217","69161","866112","12.33"
"2729","1974","64","0.03543","0.03481","0.50","68052","2369","66867","796951","11.71"
"2730","1974","65","0.04042","0.03962","0.50","65683","2602","64381","730084","11.12"
"2731","1974","66","0.04406","0.04311","0.50","63080","2719","61721","665702","10.55"
"2732","1974","67","0.04934","0.04816","0.50","60361","2907","58908","603982","10.01"
"2733","1974","68","0.05463","0.05318","0.50","57454","3055","55927","545074","9.49"
"2734","1974","69","0.05969","0.05796","0.50","54399","3153","52823","489147","8.99"
"2735","1974","70","0.06353","0.06157","0.50","51246","3155","49668","436325","8.51"
"2736","1974","71","0.07256","0.07002","0.50","48091","3367","46407","386656","8.04"
"2737","1974","72","0.08064","0.07751","0.50","44723","3467","42990","340249","7.61"
"2738","1974","73","0.08509","0.08161","0.50","41257","3367","39573","297259","7.21"
"2739","1974","74","0.09325","0.08910","0.50","37890","3376","36202","257686","6.80"
"2740","1974","75","0.09978","0.09504","0.50","34514","3280","32874","221484","6.42"
"2741","1974","76","0.11433","0.10815","0.50","31234","3378","29545","188610","6.04"
"2742","1974","77","0.12400","0.11676","0.50","27856","3252","26230","159066","5.71"
"2743","1974","78","0.13081","0.12278","0.50","24603","3021","23093","132836","5.40"
"2744","1974","79","0.14684","0.13679","0.50","21583","2952","20106","109743","5.08"
"2745","1974","80","0.15507","0.14391","0.50","18630","2681","17290","89636","4.81"
"2746","1974","81","0.16091","0.14893","0.50","15949","2375","14761","72347","4.54"
"2747","1974","82","0.17547","0.16132","0.50","13574","2190","12479","57585","4.24"
"2748","1974","83","0.18793","0.17179","0.50","11384","1956","10406","45106","3.96"
"2749","1974","84","0.22155","0.19945","0.50","9428","1881","8488","34700","3.68"
"2750","1974","85","0.23122","0.20726","0.50","7548","1564","6766","26212","3.47"
"2751","1974","86","0.25215","0.22392","0.50","5984","1340","5314","19446","3.25"
"2752","1974","87","0.29114","0.25415","0.50","4644","1180","4054","14132","3.04"
"2753","1974","88","0.29749","0.25897","0.50","3464","897","3015","10079","2.91"
"2754","1974","89","0.31591","0.27282","0.50","2567","700","2216","7064","2.75"
"2755","1974","90","0.34988","0.29778","0.50","1866","556","1589","4847","2.60"
"2756","1974","91","0.34825","0.29661","0.50","1311","389","1116","3259","2.49"
"2757","1974","92","0.41663","0.34480","0.50","922","318","763","2142","2.32"
"2758","1974","93","0.36677","0.30993","0.50","604","187","510","1379","2.28"
"2759","1974","94","0.44196","0.36197","0.50","417","151","341","869","2.08"
"2760","1974","95","0.46849","0.37957","0.50","266","101","215","528","1.98"
"2761","1974","96","0.49519","0.39691","0.50","165","65","132","312","1.89"
"2762","1974","97","0.52192","0.41390","0.50","100","41","79","180","1.81"
"2763","1974","98","0.54852","0.43046","0.50","58","25","46","101","1.73"
"2764","1974","99","0.57485","0.44651","0.50","33","15","26","55","1.66"
"2765","1974","100","0.60076","0.46199","0.50","18","8","14","29","1.60"
"2766","1974","101","0.62612","0.47684","0.50","10","5","8","15","1.54"
"2767","1974","102","0.65080","0.49102","0.50","5","3","4","8","1.49"
"2768","1974","103","0.67470","0.50451","0.50","3","1","2","4","1.44"
"2769","1974","104","0.69773","0.51727","0.50","1","1","1","2","1.40"
"2770","1974","105","0.71980","0.52930","0.50","1","0","0","1","1.36"
"2771","1974","106","0.74086","0.54060","0.50","0","0","0","0","1.32"
"2772","1974","107","0.76086","0.55118","0.50","0","0","0","0","1.29"
"2773","1974","108","0.77978","0.56104","0.50","0","0","0","0","1.26"
"2774","1974","109","0.79760","0.57020","0.50","0","0","0","0","1.24"
"2775","1974","110+","0.81432","1.00000","1.23","0","0","0","0","1.23"
"2776","1975","0","0.02214","0.02171","0.11","100000","2171","98057","6699088","66.99"
"2777","1975","1","0.00097","0.00097","0.50","97829","95","97782","6601031","67.48"
"2778","1975","2","0.00058","0.00058","0.50","97734","57","97706","6503249","66.54"
"2779","1975","3","0.00059","0.00059","0.50","97677","57","97649","6405543","65.58"
"2780","1975","4","0.00054","0.00054","0.50","97620","53","97594","6307895","64.62"
"2781","1975","5","0.00064","0.00064","0.50","97567","62","97536","6210301","63.65"
"2782","1975","6","0.00047","0.00047","0.50","97505","46","97482","6112765","62.69"
"2783","1975","7","0.00048","0.00048","0.50","97460","47","97436","6015282","61.72"
"2784","1975","8","0.00045","0.00045","0.50","97413","44","97391","5917846","60.75"
"2785","1975","9","0.00047","0.00047","0.50","97369","46","97346","5820455","59.78"
"2786","1975","10","0.00033","0.00033","0.50","97324","32","97307","5723109","58.80"
"2787","1975","11","0.00038","0.00038","0.50","97291","37","97273","5625801","57.82"
"2788","1975","12","0.00045","0.00045","0.50","97254","44","97233","5528529","56.85"
"2789","1975","13","0.00045","0.00045","0.50","97211","44","97189","5431296","55.87"
"2790","1975","14","0.00056","0.00056","0.50","97167","54","97140","5334107","54.90"
"2791","1975","15","0.00070","0.00070","0.50","97113","68","97079","5236968","53.93"
"2792","1975","16","0.00088","0.00088","0.50","97045","85","97002","5139889","52.96"
"2793","1975","17","0.00097","0.00097","0.50","96960","94","96913","5042886","52.01"
"2794","1975","18","0.00113","0.00113","0.50","96866","109","96811","4945973","51.06"
"2795","1975","19","0.00117","0.00117","0.50","96756","113","96700","4849162","50.12"
"2796","1975","20","0.00113","0.00113","0.50","96644","109","96589","4752462","49.18"
"2797","1975","21","0.00163","0.00163","0.50","96534","158","96456","4655873","48.23"
"2798","1975","22","0.00140","0.00140","0.50","96377","135","96309","4559418","47.31"
"2799","1975","23","0.00102","0.00102","0.50","96242","99","96193","4463108","46.37"
"2800","1975","24","0.00163","0.00163","0.50","96143","157","96065","4366916","45.42"
"2801","1975","25","0.00162","0.00162","0.50","95987","156","95909","4270851","44.49"
"2802","1975","26","0.00135","0.00135","0.50","95831","129","95766","4174942","43.57"
"2803","1975","27","0.00140","0.00140","0.50","95702","134","95635","4079175","42.62"
"2804","1975","28","0.00142","0.00142","0.50","95568","135","95501","3983540","41.68"
"2805","1975","29","0.00157","0.00157","0.50","95433","150","95358","3888039","40.74"
"2806","1975","30","0.00126","0.00126","0.50","95283","120","95224","3792681","39.80"
"2807","1975","31","0.00165","0.00165","0.50","95164","157","95085","3697458","38.85"
"2808","1975","32","0.00153","0.00153","0.50","95007","145","94934","3602373","37.92"
"2809","1975","33","0.00171","0.00171","0.50","94861","162","94780","3507439","36.97"
"2810","1975","34","0.00219","0.00219","0.50","94699","207","94596","3412658","36.04"
"2811","1975","35","0.00217","0.00217","0.50","94492","205","94390","3318063","35.11"
"2812","1975","36","0.00246","0.00246","0.50","94287","232","94171","3223673","34.19"
"2813","1975","37","0.00277","0.00277","0.50","94056","261","93925","3129502","33.27"
"2814","1975","38","0.00361","0.00361","0.50","93795","338","93626","3035576","32.36"
"2815","1975","39","0.00277","0.00277","0.50","93457","259","93327","2941950","31.48"
"2816","1975","40","0.00342","0.00342","0.50","93198","319","93039","2848623","30.57"
"2817","1975","41","0.00368","0.00367","0.50","92879","341","92709","2755584","29.67"
"2818","1975","42","0.00425","0.00424","0.50","92539","392","92342","2662875","28.78"
"2819","1975","43","0.00468","0.00467","0.50","92146","430","91931","2570533","27.90"
"2820","1975","44","0.00481","0.00480","0.50","91716","440","91496","2478602","27.02"
"2821","1975","45","0.00540","0.00539","0.50","91276","492","91030","2387105","26.15"
"2822","1975","46","0.00538","0.00536","0.50","90784","487","90541","2296075","25.29"
"2823","1975","47","0.00646","0.00644","0.50","90298","581","90007","2205534","24.43"
"2824","1975","48","0.00717","0.00715","0.50","89716","641","89396","2115527","23.58"
"2825","1975","49","0.00832","0.00829","0.50","89075","738","88706","2026132","22.75"
"2826","1975","50","0.00845","0.00841","0.50","88337","743","87965","1937426","21.93"
"2827","1975","51","0.01071","0.01066","0.50","87594","934","87127","1849461","21.11"
"2828","1975","52","0.01103","0.01097","0.50","86660","950","86185","1762334","20.34"
"2829","1975","53","0.01248","0.01240","0.50","85710","1063","85178","1676149","19.56"
"2830","1975","54","0.01379","0.01369","0.50","84647","1159","84067","1590971","18.80"
"2831","1975","55","0.01527","0.01515","0.50","83487","1265","82855","1506904","18.05"
"2832","1975","56","0.01701","0.01686","0.50","82223","1386","81529","1424049","17.32"
"2833","1975","57","0.01696","0.01682","0.50","80836","1360","80156","1342520","16.61"
"2834","1975","58","0.02016","0.01996","0.50","79477","1586","78683","1262364","15.88"
"2835","1975","59","0.01932","0.01914","0.50","77890","1490","77145","1183680","15.20"
"2836","1975","60","0.02438","0.02409","0.50","76400","1840","75480","1106535","14.48"
"2837","1975","61","0.02589","0.02555","0.50","74559","1905","73607","1031055","13.83"
"2838","1975","62","0.02861","0.02821","0.50","72654","2050","71629","957449","13.18"
"2839","1975","63","0.03078","0.03031","0.50","70604","2140","69534","885819","12.55"
"2840","1975","64","0.03529","0.03468","0.50","68464","2374","67277","816285","11.92"
"2841","1975","65","0.03972","0.03895","0.50","66090","2574","64803","749008","11.33"
"2842","1975","66","0.04177","0.04092","0.50","63516","2599","62217","684205","10.77"
"2843","1975","67","0.04734","0.04625","0.50","60917","2817","59508","621988","10.21"
"2844","1975","68","0.05185","0.05054","0.50","58100","2936","56631","562480","9.68"
"2845","1975","69","0.05721","0.05562","0.50","55163","3068","53629","505848","9.17"
"2846","1975","70","0.06216","0.06029","0.50","52095","3141","50525","452219","8.68"
"2847","1975","71","0.06982","0.06746","0.50","48954","3303","47303","401694","8.21"
"2848","1975","72","0.07564","0.07288","0.50","45652","3327","43988","354391","7.76"
"2849","1975","73","0.08362","0.08026","0.50","42325","3397","40626","310403","7.33"
"2850","1975","74","0.09056","0.08663","0.50","38928","3372","37241","269777","6.93"
"2851","1975","75","0.09841","0.09379","0.50","35555","3335","33888","232535","6.54"
"2852","1975","76","0.10403","0.09888","0.50","32220","3186","30627","198647","6.17"
"2853","1975","77","0.11443","0.10824","0.50","29034","3143","27463","168020","5.79"
"2854","1975","78","0.13048","0.12249","0.50","25892","3171","24306","140557","5.43"
"2855","1975","79","0.13636","0.12766","0.50","22720","2900","21270","116251","5.12"
"2856","1975","80","0.15803","0.14646","0.50","19820","2903","18369","94981","4.79"
"2857","1975","81","0.15776","0.14622","0.50","16917","2474","15680","76612","4.53"
"2858","1975","82","0.17945","0.16467","0.50","14443","2378","13254","60932","4.22"
"2859","1975","83","0.19587","0.17840","0.50","12065","2152","10989","47678","3.95"
"2860","1975","84","0.21781","0.19642","0.50","9913","1947","8939","36689","3.70"
"2861","1975","85","0.23796","0.21266","0.50","7966","1694","7119","27750","3.48"
"2862","1975","86","0.25645","0.22730","0.50","6272","1426","5559","20631","3.29"
"2863","1975","87","0.26945","0.23746","0.50","4846","1151","4271","15073","3.11"
"2864","1975","88","0.26722","0.23573","0.50","3695","871","3260","10802","2.92"
"2865","1975","89","0.35276","0.29987","0.50","2824","847","2401","7542","2.67"
"2866","1975","90","0.33730","0.28862","0.50","1977","571","1692","5141","2.60"
"2867","1975","91","0.35433","0.30100","0.50","1407","423","1195","3449","2.45"
"2868","1975","92","0.37358","0.31478","0.50","983","310","828","2255","2.29"
"2869","1975","93","0.47828","0.38598","0.50","674","260","544","1426","2.12"
"2870","1975","94","0.43165","0.35502","0.50","414","147","340","882","2.13"
"2871","1975","95","0.45696","0.37197","0.50","267","99","217","542","2.03"
"2872","1975","96","0.48249","0.38871","0.50","168","65","135","325","1.94"
"2873","1975","97","0.50811","0.40517","0.50","102","42","82","190","1.85"
"2874","1975","98","0.53369","0.42128","0.50","61","26","48","108","1.78"
"2875","1975","99","0.55910","0.43695","0.50","35","15","28","60","1.70"
"2876","1975","100","0.58420","0.45213","0.50","20","9","15","33","1.64"
"2877","1975","101","0.60887","0.46677","0.50","11","5","8","17","1.58"
"2878","1975","102","0.63300","0.48082","0.50","6","3","4","9","1.53"
"2879","1975","103","0.65647","0.49424","0.50","3","1","2","4","1.48"
"2880","1975","104","0.67921","0.50702","0.50","2","1","1","2","1.43"
"2881","1975","105","0.70113","0.51914","0.50","1","0","1","1","1.39"
"2882","1975","106","0.72216","0.53058","0.50","0","0","0","0","1.36"
"2883","1975","107","0.74226","0.54135","0.50","0","0","0","0","1.32"
"2884","1975","108","0.76138","0.55145","0.50","0","0","0","0","1.29"
"2885","1975","109","0.77951","0.56090","0.50","0","0","0","0","1.27"
"2886","1975","110+","0.79662","1.00000","1.26","0","0","0","0","1.26"
"2887","1976","0","0.02209","0.02166","0.11","100000","2166","98062","6703756","67.04"
"2888","1976","1","0.00099","0.00099","0.50","97834","96","97786","6605695","67.52"
"2889","1976","2","0.00065","0.00065","0.50","97738","63","97706","6507909","66.59"
"2890","1976","3","0.00059","0.00059","0.50","97674","57","97646","6410203","65.63"
"2891","1976","4","0.00039","0.00039","0.50","97617","39","97598","6312557","64.67"
"2892","1976","5","0.00041","0.00041","0.50","97579","40","97559","6214959","63.69"
"2893","1976","6","0.00043","0.00043","0.50","97539","42","97518","6117400","62.72"
"2894","1976","7","0.00055","0.00055","0.50","97497","54","97470","6019882","61.74"
"2895","1976","8","0.00045","0.00045","0.50","97443","44","97421","5922412","60.78"
"2896","1976","9","0.00035","0.00035","0.50","97399","34","97382","5824991","59.81"
"2897","1976","10","0.00045","0.00045","0.50","97366","44","97343","5727608","58.83"
"2898","1976","11","0.00047","0.00047","0.50","97321","45","97299","5630265","57.85"
"2899","1976","12","0.00042","0.00042","0.50","97276","41","97255","5532966","56.88"
"2900","1976","13","0.00035","0.00035","0.50","97235","34","97218","5435711","55.90"
"2901","1976","14","0.00045","0.00045","0.50","97201","44","97179","5338493","54.92"
"2902","1976","15","0.00045","0.00045","0.50","97157","44","97135","5241313","53.95"
"2903","1976","16","0.00071","0.00071","0.50","97114","69","97079","5144178","52.97"
"2904","1976","17","0.00091","0.00091","0.50","97044","88","97000","5047099","52.01"
"2905","1976","18","0.00133","0.00133","0.50","96957","129","96892","4950098","51.05"
"2906","1976","19","0.00132","0.00132","0.50","96827","128","96763","4853206","50.12"
"2907","1976","20","0.00138","0.00138","0.50","96699","133","96633","4756443","49.19"
"2908","1976","21","0.00148","0.00148","0.50","96566","143","96494","4659811","48.26"
"2909","1976","22","0.00138","0.00138","0.50","96423","133","96356","4563316","47.33"
"2910","1976","23","0.00160","0.00160","0.50","96289","154","96212","4466960","46.39"
"2911","1976","24","0.00152","0.00152","0.50","96135","146","96062","4370748","45.46"
"2912","1976","25","0.00146","0.00146","0.50","95989","141","95919","4274686","44.53"
"2913","1976","26","0.00153","0.00153","0.50","95849","147","95775","4178767","43.60"
"2914","1976","27","0.00136","0.00136","0.50","95702","130","95637","4082992","42.66"
"2915","1976","28","0.00125","0.00125","0.50","95572","119","95512","3987355","41.72"
"2916","1976","29","0.00149","0.00149","0.50","95453","142","95382","3891843","40.77"
"2917","1976","30","0.00165","0.00165","0.50","95311","157","95232","3796461","39.83"
"2918","1976","31","0.00170","0.00170","0.50","95154","162","95073","3701229","38.90"
"2919","1976","32","0.00173","0.00173","0.50","94992","165","94910","3606156","37.96"
"2920","1976","33","0.00160","0.00160","0.50","94828","152","94752","3511246","37.03"
"2921","1976","34","0.00161","0.00161","0.50","94676","152","94600","3416494","36.09"
"2922","1976","35","0.00215","0.00215","0.50","94524","203","94422","3321895","35.14"
"2923","1976","36","0.00226","0.00226","0.50","94320","213","94214","3227473","34.22"
"2924","1976","37","0.00252","0.00252","0.50","94108","237","93989","3133259","33.29"
"2925","1976","38","0.00261","0.00261","0.50","93871","245","93748","3039270","32.38"
"2926","1976","39","0.00292","0.00292","0.50","93626","273","93489","2945521","31.46"
"2927","1976","40","0.00310","0.00310","0.50","93353","289","93208","2852032","30.55"
"2928","1976","41","0.00362","0.00362","0.50","93063","336","92895","2758824","29.64"
"2929","1976","42","0.00392","0.00392","0.50","92727","363","92545","2665929","28.75"
"2930","1976","43","0.00513","0.00512","0.50","92364","473","92127","2573384","27.86"
"2931","1976","44","0.00441","0.00440","0.50","91891","404","91689","2481257","27.00"
"2932","1976","45","0.00537","0.00535","0.50","91487","490","91242","2389568","26.12"
"2933","1976","46","0.00602","0.00600","0.50","90997","546","90724","2298325","25.26"
"2934","1976","47","0.00630","0.00628","0.50","90452","568","90167","2207601","24.41"
"2935","1976","48","0.00722","0.00719","0.50","89883","647","89560","2117434","23.56"
"2936","1976","49","0.00863","0.00859","0.50","89236","766","88853","2027874","22.72"
"2937","1976","50","0.00970","0.00965","0.50","88470","854","88043","1939021","21.92"
"2938","1976","51","0.01069","0.01063","0.50","87616","931","87150","1850978","21.13"
"2939","1976","52","0.01103","0.01097","0.50","86685","951","86209","1763827","20.35"
"2940","1976","53","0.01245","0.01238","0.50","85734","1061","85204","1677618","19.57"
"2941","1976","54","0.01322","0.01313","0.50","84673","1112","84117","1592414","18.81"
"2942","1976","55","0.01563","0.01551","0.50","83561","1296","82913","1508297","18.05"
"2943","1976","56","0.01689","0.01675","0.50","82265","1378","81576","1425384","17.33"
"2944","1976","57","0.01954","0.01935","0.50","80887","1565","80105","1343808","16.61"
"2945","1976","58","0.01749","0.01734","0.50","79322","1375","78634","1263703","15.93"
"2946","1976","59","0.02154","0.02131","0.50","77947","1661","77116","1185069","15.20"
"2947","1976","60","0.02189","0.02165","0.50","76286","1652","75460","1107952","14.52"
"2948","1976","61","0.02705","0.02668","0.50","74634","1992","73638","1032492","13.83"
"2949","1976","62","0.02752","0.02715","0.50","72642","1972","71656","958854","13.20"
"2950","1976","63","0.03038","0.02993","0.50","70670","2115","69613","887198","12.55"
"2951","1976","64","0.03320","0.03266","0.50","68556","2239","67436","817585","11.93"
"2952","1976","65","0.03723","0.03655","0.50","66317","2424","65105","750149","11.31"
"2953","1976","66","0.04204","0.04117","0.50","63893","2631","62578","685044","10.72"
"2954","1976","67","0.04621","0.04517","0.50","61262","2767","59879","622466","10.16"
"2955","1976","68","0.05243","0.05109","0.50","58495","2988","57001","562588","9.62"
"2956","1976","69","0.05783","0.05621","0.50","55507","3120","53947","505587","9.11"
"2957","1976","70","0.06446","0.06245","0.50","52387","3272","50751","451640","8.62"
"2958","1976","71","0.07087","0.06845","0.50","49115","3362","47434","400889","8.16"
"2959","1976","72","0.07573","0.07296","0.50","45753","3338","44084","353455","7.73"
"2960","1976","73","0.08299","0.07968","0.50","42415","3380","40725","309371","7.29"
"2961","1976","74","0.08979","0.08593","0.50","39035","3354","37358","268646","6.88"
"2962","1976","75","0.09985","0.09510","0.50","35681","3393","33984","231288","6.48"
"2963","1976","76","0.11115","0.10530","0.50","32288","3400","30588","197303","6.11"
"2964","1976","77","0.11458","0.10837","0.50","28888","3131","27322","166715","5.77"
"2965","1976","78","0.12701","0.11942","0.50","25757","3076","24219","139393","5.41"
"2966","1976","79","0.14384","0.13419","0.50","22681","3044","21159","115174","5.08"
"2967","1976","80","0.15451","0.14343","0.50","19637","2817","18229","94015","4.79"
"2968","1976","81","0.16310","0.15081","0.50","16821","2537","15552","75786","4.51"
"2969","1976","82","0.17793","0.16339","0.50","14284","2334","13117","60233","4.22"
"2970","1976","83","0.19560","0.17817","0.50","11950","2129","10886","47116","3.94"
"2971","1976","84","0.22477","0.20206","0.50","9821","1984","8829","36230","3.69"
"2972","1976","85","0.22241","0.20015","0.50","7837","1569","7052","27402","3.50"
"2973","1976","86","0.25889","0.22922","0.50","6268","1437","5550","20349","3.25"
"2974","1976","87","0.28019","0.24576","0.50","4831","1187","4238","14800","3.06"
"2975","1976","88","0.29281","0.25541","0.50","3644","931","3179","10562","2.90"
"2976","1976","89","0.30635","0.26566","0.50","2713","721","2353","7383","2.72"
"2977","1976","90","0.33885","0.28976","0.50","1992","577","1704","5030","2.52"
"2978","1976","91","0.37209","0.31372","0.50","1415","444","1193","3327","2.35"
"2979","1976","92","0.42988","0.35383","0.50","971","344","799","2134","2.20"
"2980","1976","93","0.45302","0.36936","0.50","628","232","512","1334","2.13"
"2981","1976","94","0.44359","0.36307","0.50","396","144","324","823","2.08"
"2982","1976","95","0.47010","0.38063","0.50","252","96","204","499","1.98"
"2983","1976","96","0.49677","0.39793","0.50","156","62","125","295","1.89"
"2984","1976","97","0.52346","0.41487","0.50","94","39","74","169","1.80"
"2985","1976","98","0.55001","0.43138","0.50","55","24","43","95","1.73"
"2986","1976","99","0.57629","0.44738","0.50","31","14","24","52","1.66"
"2987","1976","100","0.60213","0.46280","0.50","17","8","13","28","1.59"
"2988","1976","101","0.62743","0.47760","0.50","9","4","7","14","1.54"
"2989","1976","102","0.65204","0.49173","0.50","5","2","4","7","1.48"
"2990","1976","103","0.67587","0.50516","0.50","2","1","2","4","1.44"
"2991","1976","104","0.69882","0.51787","0.50","1","1","1","2","1.40"
"2992","1976","105","0.72081","0.52985","0.50","1","0","0","1","1.36"
"2993","1976","106","0.74180","0.54110","0.50","0","0","0","0","1.32"
"2994","1976","107","0.76172","0.55163","0.50","0","0","0","0","1.29"
"2995","1976","108","0.78057","0.56144","0.50","0","0","0","0","1.26"
"2996","1976","109","0.79832","0.57057","0.50","0","0","0","0","1.24"
"2997","1976","110+","0.81497","1.00000","1.23","0","0","0","0","1.23"
"2998","1977","0","0.02208","0.02166","0.11","100000","2166","98062","6710407","67.10"
"2999","1977","1","0.00068","0.00068","0.50","97834","67","97801","6612344","67.59"
"3000","1977","2","0.00065","0.00065","0.50","97768","64","97736","6514543","66.63"
"3001","1977","3","0.00058","0.00058","0.50","97704","57","97675","6416808","65.68"
"3002","1977","4","0.00054","0.00054","0.50","97647","53","97620","6319133","64.71"
"3003","1977","5","0.00042","0.00042","0.50","97594","41","97573","6221512","63.75"
"3004","1977","6","0.00046","0.00046","0.50","97553","45","97530","6123939","62.78"
"3005","1977","7","0.00037","0.00037","0.50","97508","36","97490","6026409","61.80"
"3006","1977","8","0.00041","0.00041","0.50","97472","40","97452","5928919","60.83"
"3007","1977","9","0.00039","0.00039","0.50","97431","38","97412","5831467","59.85"
"3008","1977","10","0.00033","0.00033","0.50","97393","32","97377","5734055","58.88"
"3009","1977","11","0.00028","0.00028","0.50","97361","28","97347","5636678","57.89"
"3010","1977","12","0.00041","0.00041","0.50","97333","40","97313","5539331","56.91"
"3011","1977","13","0.00032","0.00032","0.50","97293","31","97278","5442018","55.93"
"3012","1977","14","0.00061","0.00061","0.50","97262","59","97233","5344740","54.95"
"3013","1977","15","0.00068","0.00068","0.50","97203","66","97170","5247508","53.98"
"3014","1977","16","0.00071","0.00071","0.50","97137","69","97102","5150338","53.02"
"3015","1977","17","0.00096","0.00096","0.50","97068","93","97021","5053235","52.06"
"3016","1977","18","0.00104","0.00104","0.50","96975","101","96924","4956214","51.11"
"3017","1977","19","0.00132","0.00132","0.50","96873","128","96809","4859290","50.16"
"3018","1977","20","0.00112","0.00112","0.50","96745","108","96691","4762481","49.23"
"3019","1977","21","0.00136","0.00136","0.50","96637","131","96572","4665789","48.28"
"3020","1977","22","0.00122","0.00122","0.50","96506","117","96447","4569218","47.35"
"3021","1977","23","0.00108","0.00108","0.50","96389","104","96336","4472770","46.40"
"3022","1977","24","0.00131","0.00131","0.50","96284","126","96221","4376434","45.45"
"3023","1977","25","0.00122","0.00122","0.50","96158","118","96099","4280213","44.51"
"3024","1977","26","0.00125","0.00125","0.50","96041","120","95981","4184113","43.57"
"3025","1977","27","0.00118","0.00118","0.50","95921","113","95864","4088133","42.62"
"3026","1977","28","0.00155","0.00155","0.50","95807","148","95733","3992269","41.67"
"3027","1977","29","0.00133","0.00132","0.50","95659","127","95595","3896536","40.73"
"3028","1977","30","0.00169","0.00169","0.50","95532","161","95451","3800940","39.79"
"3029","1977","31","0.00164","0.00164","0.50","95371","156","95293","3705489","38.85"
"3030","1977","32","0.00172","0.00172","0.50","95215","163","95133","3610196","37.92"
"3031","1977","33","0.00192","0.00192","0.50","95051","183","94960","3515063","36.98"
"3032","1977","34","0.00209","0.00209","0.50","94869","198","94770","3420103","36.05"
"3033","1977","35","0.00210","0.00210","0.50","94671","198","94571","3325334","35.13"
"3034","1977","36","0.00209","0.00209","0.50","94472","198","94373","3230762","34.20"
"3035","1977","37","0.00213","0.00213","0.50","94275","201","94174","3136389","33.27"
"3036","1977","38","0.00265","0.00265","0.50","94074","249","93949","3042215","32.34"
"3037","1977","39","0.00266","0.00266","0.50","93824","249","93700","2948265","31.42"
"3038","1977","40","0.00312","0.00312","0.50","93575","292","93429","2854566","30.51"
"3039","1977","41","0.00356","0.00355","0.50","93283","331","93118","2761136","29.60"
"3040","1977","42","0.00428","0.00428","0.50","92952","397","92754","2668018","28.70"
"3041","1977","43","0.00475","0.00474","0.50","92555","439","92336","2575265","27.82"
"3042","1977","44","0.00516","0.00515","0.50","92116","474","91879","2482929","26.95"
"3043","1977","45","0.00516","0.00515","0.50","91642","472","91406","2391050","26.09"
"3044","1977","46","0.00677","0.00675","0.50","91170","615","90863","2299644","25.22"
"3045","1977","47","0.00666","0.00664","0.50","90555","601","90254","2208781","24.39"
"3046","1977","48","0.00795","0.00792","0.50","89954","712","89597","2118527","23.55"
"3047","1977","49","0.00836","0.00832","0.50","89241","743","88870","2028930","22.74"
"3048","1977","50","0.00895","0.00891","0.50","88499","789","88104","1940060","21.92"
"3049","1977","51","0.01012","0.01006","0.50","87710","883","87269","1851956","21.11"
"3050","1977","52","0.01168","0.01161","0.50","86827","1008","86323","1764687","20.32"
"3051","1977","53","0.01224","0.01216","0.50","85819","1044","85297","1678364","19.56"
"3052","1977","54","0.01414","0.01404","0.50","84775","1190","84180","1593067","18.79"
"3053","1977","55","0.01582","0.01570","0.50","83585","1312","82929","1508887","18.05"
"3054","1977","56","0.01706","0.01692","0.50","82273","1392","81577","1425958","17.33"
"3055","1977","57","0.01916","0.01898","0.50","80881","1535","80113","1344381","16.62"
"3056","1977","58","0.02109","0.02087","0.50","79346","1656","78518","1264268","15.93"
"3057","1977","59","0.01999","0.01979","0.50","77690","1537","76921","1185750","15.26"
"3058","1977","60","0.02334","0.02307","0.50","76153","1757","75274","1108828","14.56"
"3059","1977","61","0.02354","0.02327","0.50","74396","1731","73530","1033554","13.89"
"3060","1977","62","0.02841","0.02801","0.50","72665","2035","71647","960024","13.21"
"3061","1977","63","0.03213","0.03163","0.50","70629","2234","69513","888376","12.58"
"3062","1977","64","0.03378","0.03322","0.50","68396","2272","67260","818864","11.97"
"3063","1977","65","0.03942","0.03866","0.50","66124","2556","64845","751604","11.37"
"3064","1977","66","0.04160","0.04075","0.50","63567","2591","62272","686759","10.80"
"3065","1977","67","0.04709","0.04600","0.50","60977","2805","59574","624487","10.24"
"3066","1977","68","0.05251","0.05117","0.50","58171","2977","56683","564913","9.71"
"3067","1977","69","0.05667","0.05510","0.50","55195","3041","53674","508230","9.21"
"3068","1977","70","0.06328","0.06134","0.50","52153","3199","50554","454556","8.72"
"3069","1977","71","0.06807","0.06583","0.50","48954","3223","47343","404002","8.25"
"3070","1977","72","0.07516","0.07244","0.50","45731","3313","44075","356660","7.80"
"3071","1977","73","0.08368","0.08032","0.50","42419","3407","40715","312584","7.37"
"3072","1977","74","0.08932","0.08550","0.50","39012","3336","37344","271869","6.97"
"3073","1977","75","0.09853","0.09391","0.50","35676","3350","34001","234525","6.57"
"3074","1977","76","0.10445","0.09926","0.50","32326","3209","30721","200524","6.20"
"3075","1977","77","0.11428","0.10810","0.50","29117","3148","27543","169803","5.83"
"3076","1977","78","0.12867","0.12089","0.50","25969","3140","24400","142260","5.48"
"3077","1977","79","0.14210","0.13268","0.50","22830","3029","21315","117860","5.16"
"3078","1977","80","0.14950","0.13910","0.50","19801","2754","18424","96545","4.88"
"3079","1977","81","0.15714","0.14569","0.50","17046","2483","15805","78121","4.58"
"3080","1977","82","0.18303","0.16768","0.50","14563","2442","13342","62316","4.28"
"3081","1977","83","0.19224","0.17538","0.50","12121","2126","11058","48975","4.04"
"3082","1977","84","0.20705","0.18763","0.50","9995","1875","9058","37916","3.79"
"3083","1977","85","0.21465","0.19384","0.50","8120","1574","7333","28859","3.55"
"3084","1977","86","0.24376","0.21728","0.50","6546","1422","5835","21526","3.29"
"3085","1977","87","0.26907","0.23716","0.50","5124","1215","4516","15691","3.06"
"3086","1977","88","0.31966","0.27561","0.50","3908","1077","3370","11175","2.86"
"3087","1977","89","0.30724","0.26633","0.50","2831","754","2454","7805","2.76"
"3088","1977","90","0.32636","0.28058","0.50","2077","583","1786","5351","2.58"
"3089","1977","91","0.36326","0.30743","0.50","1494","459","1265","3565","2.39"
"3090","1977","92","0.43674","0.35846","0.50","1035","371","849","2301","2.22"
"3091","1977","93","0.42162","0.34822","0.50","664","231","548","1451","2.19"
"3092","1977","94","0.44106","0.36137","0.50","433","156","355","903","2.09"
"3093","1977","95","0.46800","0.37926","0.50","276","105","224","548","1.98"
"3094","1977","96","0.49513","0.39688","0.50","172","68","138","324","1.89"
"3095","1977","97","0.52229","0.41414","0.50","103","43","82","187","1.80"
"3096","1977","98","0.54932","0.43095","0.50","61","26","48","105","1.73"
"3097","1977","99","0.57606","0.44724","0.50","34","15","27","57","1.66"
"3098","1977","100","0.60236","0.46293","0.50","19","9","15","30","1.59"
"3099","1977","101","0.62808","0.47798","0.50","10","5","8","16","1.53"
"3100","1977","102","0.65310","0.49233","0.50","5","3","4","8","1.48"
"3101","1977","103","0.67730","0.50596","0.50","3","1","2","4","1.43"
"3102","1977","104","0.70058","0.51884","0.50","1","1","1","2","1.39"
"3103","1977","105","0.72287","0.53096","0.50","1","0","0","1","1.35"
"3104","1977","106","0.74411","0.54233","0.50","0","0","0","0","1.32"
"3105","1977","107","0.76426","0.55296","0.50","0","0","0","0","1.29"
"3106","1977","108","0.78327","0.56284","0.50","0","0","0","0","1.26"
"3107","1977","109","0.80116","0.57202","0.50","0","0","0","0","1.24"
"3108","1977","110+","0.81791","1.00000","1.22","0","0","0","0","1.22"
"3109","1978","0","0.02005","0.01970","0.11","100000","1970","98246","6718890","67.19"
"3110","1978","1","0.00079","0.00079","0.50","98030","77","97992","6620644","67.54"
"3111","1978","2","0.00062","0.00062","0.50","97953","61","97923","6522652","66.59"
"3112","1978","3","0.00057","0.00057","0.50","97892","56","97864","6424730","65.63"
"3113","1978","4","0.00052","0.00052","0.50","97836","51","97811","6326865","64.67"
"3114","1978","5","0.00044","0.00044","0.50","97785","43","97764","6229055","63.70"
"3115","1978","6","0.00047","0.00047","0.50","97743","46","97720","6131291","62.73"
"3116","1978","7","0.00030","0.00030","0.50","97696","30","97682","6033571","61.76"
"3117","1978","8","0.00037","0.00037","0.50","97667","36","97649","5935890","60.78"
"3118","1978","9","0.00038","0.00038","0.50","97631","37","97612","5838241","59.80"
"3119","1978","10","0.00045","0.00045","0.50","97593","44","97571","5740629","58.82"
"3120","1978","11","0.00035","0.00035","0.50","97549","34","97532","5643058","57.85"
"3121","1978","12","0.00026","0.00026","0.50","97515","25","97503","5545526","56.87"
"3122","1978","13","0.00045","0.00045","0.50","97490","44","97468","5448023","55.88"
"3123","1978","14","0.00042","0.00042","0.50","97446","41","97425","5350555","54.91"
"3124","1978","15","0.00058","0.00058","0.50","97405","56","97377","5253129","53.93"
"3125","1978","16","0.00054","0.00054","0.50","97349","53","97322","5155753","52.96"
"3126","1978","17","0.00118","0.00118","0.50","97296","115","97238","5058431","51.99"
"3127","1978","18","0.00124","0.00124","0.50","97181","121","97121","4961192","51.05"
"3128","1978","19","0.00123","0.00123","0.50","97060","119","97001","4864072","50.11"
"3129","1978","20","0.00116","0.00116","0.50","96941","113","96885","4767071","49.17"
"3130","1978","21","0.00138","0.00138","0.50","96829","133","96762","4670186","48.23"
"3131","1978","22","0.00131","0.00131","0.50","96695","127","96632","4573424","47.30"
"3132","1978","23","0.00096","0.00096","0.50","96569","93","96522","4476792","46.36"
"3133","1978","24","0.00146","0.00146","0.50","96476","141","96405","4380270","45.40"
"3134","1978","25","0.00126","0.00126","0.50","96335","122","96274","4283864","44.47"
"3135","1978","26","0.00129","0.00129","0.50","96213","124","96151","4187590","43.52"
"3136","1978","27","0.00140","0.00140","0.50","96089","135","96022","4091439","42.58"
"3137","1978","28","0.00136","0.00136","0.50","95954","131","95889","3995417","41.64"
"3138","1978","29","0.00132","0.00132","0.50","95824","126","95761","3899528","40.69"
"3139","1978","30","0.00161","0.00161","0.50","95698","154","95620","3803767","39.75"
"3140","1978","31","0.00164","0.00164","0.50","95543","157","95465","3708147","38.81"
"3141","1978","32","0.00165","0.00165","0.50","95387","158","95308","3612682","37.87"
"3142","1978","33","0.00183","0.00182","0.50","95229","174","95142","3517374","36.94"
"3143","1978","34","0.00210","0.00210","0.50","95055","200","94956","3422231","36.00"
"3144","1978","35","0.00208","0.00208","0.50","94856","197","94757","3327276","35.08"
"3145","1978","36","0.00212","0.00212","0.50","94659","200","94558","3232519","34.15"
"3146","1978","37","0.00257","0.00257","0.50","94458","243","94337","3137960","33.22"
"3147","1978","38","0.00284","0.00284","0.50","94216","267","94082","3043623","32.30"
"3148","1978","39","0.00288","0.00288","0.50","93948","270","93813","2949541","31.40"
"3149","1978","40","0.00341","0.00341","0.50","93678","319","93519","2855728","30.48"
"3150","1978","41","0.00371","0.00370","0.50","93359","346","93186","2762209","29.59"
"3151","1978","42","0.00374","0.00374","0.50","93013","348","92839","2669023","28.70"
"3152","1978","43","0.00462","0.00461","0.50","92666","427","92452","2576183","27.80"
"3153","1978","44","0.00508","0.00507","0.50","92238","468","92005","2483731","26.93"
"3154","1978","45","0.00566","0.00565","0.50","91771","518","91512","2391727","26.06"
"3155","1978","46","0.00563","0.00562","0.50","91253","513","90996","2300215","25.21"
"3156","1978","47","0.00759","0.00756","0.50","90740","686","90397","2209218","24.35"
"3157","1978","48","0.00763","0.00761","0.50","90054","685","89712","2118821","23.53"
"3158","1978","49","0.00831","0.00828","0.50","89369","740","89000","2029109","22.70"
"3159","1978","50","0.00979","0.00974","0.50","88630","864","88198","1940110","21.89"
"3160","1978","51","0.01083","0.01077","0.50","87766","945","87293","1851912","21.10"
"3161","1978","52","0.01079","0.01074","0.50","86821","932","86355","1764618","20.32"
"3162","1978","53","0.01251","0.01243","0.50","85889","1068","85355","1678264","19.54"
"3163","1978","54","0.01423","0.01413","0.50","84821","1198","84222","1592909","18.78"
"3164","1978","55","0.01595","0.01582","0.50","83623","1323","82961","1508687","18.04"
"3165","1978","56","0.01811","0.01794","0.50","82300","1477","81561","1425726","17.32"
"3166","1978","57","0.01884","0.01866","0.50","80823","1508","80069","1344165","16.63"
"3167","1978","58","0.02119","0.02097","0.50","79315","1663","78483","1264096","15.94"
"3168","1978","59","0.02275","0.02249","0.50","77652","1747","76778","1185612","15.27"
"3169","1978","60","0.02195","0.02171","0.50","75905","1648","75081","1108834","14.61"
"3170","1978","61","0.02757","0.02719","0.50","74257","2019","73247","1033753","13.92"
"3171","1978","62","0.02522","0.02491","0.50","72238","1799","71338","960506","13.30"
"3172","1978","63","0.03356","0.03301","0.50","70439","2325","69276","889167","12.62"
"3173","1978","64","0.03551","0.03489","0.50","68113","2377","66925","819891","12.04"
"3174","1978","65","0.03776","0.03706","0.50","65737","2436","64519","752966","11.45"
"3175","1978","66","0.04299","0.04208","0.50","63301","2664","61969","688448","10.88"
"3176","1978","67","0.04517","0.04417","0.50","60637","2678","59297","626479","10.33"
"3177","1978","68","0.04974","0.04853","0.50","57958","2813","56552","567182","9.79"
"3178","1978","69","0.05465","0.05320","0.50","55146","2934","53679","510630","9.26"
"3179","1978","70","0.06138","0.05955","0.50","52212","3109","50657","456951","8.75"
"3180","1978","71","0.06689","0.06472","0.50","49102","3178","47513","406294","8.27"
"3181","1978","72","0.07351","0.07090","0.50","45924","3256","44296","358781","7.81"
"3182","1978","73","0.08340","0.08006","0.50","42668","3416","40960","314484","7.37"
"3183","1978","74","0.08994","0.08607","0.50","39252","3378","37563","273524","6.97"
"3184","1978","75","0.09786","0.09329","0.50","35874","3347","34200","235961","6.58"
"3185","1978","76","0.10696","0.10153","0.50","32527","3302","30876","201761","6.20"
"3186","1978","77","0.11858","0.11195","0.50","29224","3272","27589","170885","5.85"
"3187","1978","78","0.12584","0.11839","0.50","25953","3073","24417","143297","5.52"
"3188","1978","79","0.14320","0.13363","0.50","22880","3058","21352","118880","5.20"
"3189","1978","80","0.14853","0.13826","0.50","19823","2741","18452","97529","4.92"
"3190","1978","81","0.16279","0.15054","0.50","17082","2572","15796","79076","4.63"
"3191","1978","82","0.17841","0.16380","0.50","14511","2377","13322","63280","4.36"
"3192","1978","83","0.18896","0.17265","0.50","12134","2095","11086","49958","4.12"
"3193","1978","84","0.21197","0.19166","0.50","10039","1924","9077","38872","3.87"
"3194","1978","85","0.21608","0.19501","0.50","8115","1582","7324","29795","3.67"
"3195","1978","86","0.23614","0.21120","0.50","6532","1380","5843","22471","3.44"
"3196","1978","87","0.27116","0.23878","0.50","5153","1230","4537","16629","3.23"
"3197","1978","88","0.25323","0.22477","0.50","3922","882","3482","12091","3.08"
"3198","1978","89","0.30866","0.26739","0.50","3041","813","2634","8610","2.83"
"3199","1978","90","0.30688","0.26605","0.50","2228","593","1931","5976","2.68"
"3200","1978","91","0.34807","0.29648","0.50","1635","485","1393","4044","2.47"
"3201","1978","92","0.38466","0.32261","0.50","1150","371","965","2652","2.31"
"3202","1978","93","0.47994","0.38706","0.50","779","302","628","1687","2.17"
"3203","1978","94","0.41348","0.34264","0.50","478","164","396","1059","2.22"
"3204","1978","95","0.43781","0.35918","0.50","314","113","258","663","2.11"
"3205","1978","96","0.46244","0.37559","0.50","201","76","163","405","2.01"
"3206","1978","97","0.48725","0.39180","0.50","126","49","101","242","1.93"
"3207","1978","98","0.51213","0.40773","0.50","76","31","61","141","1.84"
"3208","1978","99","0.53695","0.42330","0.50","45","19","36","80","1.77"
"3209","1978","100","0.56159","0.43847","0.50","26","11","20","44","1.70"
"3210","1978","101","0.58592","0.45316","0.50","15","7","11","24","1.64"
"3211","1978","102","0.60985","0.46734","0.50","8","4","6","13","1.58"
"3212","1978","103","0.63326","0.48097","0.50","4","2","3","7","1.53"
"3213","1978","104","0.65605","0.49400","0.50","2","1","2","3","1.48"
"3214","1978","105","0.67815","0.50643","0.50","1","1","1","2","1.44"
"3215","1978","106","0.69948","0.51823","0.50","1","0","0","1","1.40"
"3216","1978","107","0.71998","0.52940","0.50","0","0","0","0","1.36"
"3217","1978","108","0.73960","0.53993","0.50","0","0","0","0","1.33"
"3218","1978","109","0.75831","0.54984","0.50","0","0","0","0","1.31"
"3219","1978","110+","0.77608","1.00000","1.29","0","0","0","0","1.29"
"3220","1979","0","0.01803","0.01774","0.11","100000","1774","98427","6732295","67.32"
"3221","1979","1","0.00088","0.00088","0.50","98226","87","98182","6633868","67.54"
"3222","1979","2","0.00056","0.00056","0.50","98139","55","98111","6535686","66.60"
"3223","1979","3","0.00052","0.00052","0.50","98084","51","98058","6437575","65.63"
"3224","1979","4","0.00054","0.00054","0.50","98033","53","98006","6339517","64.67"
"3225","1979","5","0.00064","0.00064","0.50","97980","62","97949","6241510","63.70"
"3226","1979","6","0.00041","0.00041","0.50","97917","41","97897","6143562","62.74"
"3227","1979","7","0.00042","0.00042","0.50","97877","41","97856","6045664","61.77"
"3228","1979","8","0.00049","0.00049","0.50","97836","48","97812","5947808","60.79"
"3229","1979","9","0.00039","0.00039","0.50","97788","38","97769","5849996","59.82"
"3230","1979","10","0.00043","0.00043","0.50","97750","42","97730","5752226","58.85"
"3231","1979","11","0.00034","0.00033","0.50","97709","33","97693","5654497","57.87"
"3232","1979","12","0.00029","0.00029","0.50","97676","28","97662","5556804","56.89"
"3233","1979","13","0.00034","0.00034","0.50","97648","33","97631","5459142","55.91"
"3234","1979","14","0.00041","0.00041","0.50","97615","40","97594","5361511","54.93"
"3235","1979","15","0.00051","0.00051","0.50","97574","50","97549","5263917","53.95"
"3236","1979","16","0.00068","0.00068","0.50","97524","66","97491","5166368","52.98"
"3237","1979","17","0.00079","0.00079","0.50","97458","77","97419","5068877","52.01"
"3238","1979","18","0.00102","0.00102","0.50","97381","100","97331","4971458","51.05"
"3239","1979","19","0.00104","0.00104","0.50","97281","101","97230","4874127","50.10"
"3240","1979","20","0.00102","0.00101","0.50","97180","99","97131","4776896","49.16"
"3241","1979","21","0.00142","0.00142","0.50","97081","138","97012","4679766","48.20"
"3242","1979","22","0.00133","0.00133","0.50","96944","129","96879","4582753","47.27"
"3243","1979","23","0.00135","0.00135","0.50","96815","131","96750","4485874","46.33"
"3244","1979","24","0.00123","0.00123","0.50","96684","119","96625","4389124","45.40"
"3245","1979","25","0.00144","0.00143","0.50","96565","139","96496","4292500","44.45"
"3246","1979","26","0.00125","0.00125","0.50","96427","121","96366","4196004","43.51"
"3247","1979","27","0.00155","0.00155","0.50","96306","149","96231","4099638","42.57"
"3248","1979","28","0.00110","0.00110","0.50","96157","106","96103","4003407","41.63"
"3249","1979","29","0.00128","0.00128","0.50","96050","123","95989","3907303","40.68"
"3250","1979","30","0.00130","0.00130","0.50","95927","124","95865","3811314","39.73"
"3251","1979","31","0.00150","0.00149","0.50","95803","143","95731","3715449","38.78"
"3252","1979","32","0.00189","0.00189","0.50","95660","181","95569","3619718","37.84"
"3253","1979","33","0.00191","0.00190","0.50","95479","182","95388","3524148","36.91"
"3254","1979","34","0.00170","0.00170","0.50","95297","162","95217","3428760","35.98"
"3255","1979","35","0.00223","0.00223","0.50","95136","212","95030","3333544","35.04"
"3256","1979","36","0.00232","0.00231","0.50","94924","220","94814","3238514","34.12"
"3257","1979","37","0.00292","0.00292","0.50","94704","276","94566","3143699","33.19"
"3258","1979","38","0.00318","0.00317","0.50","94428","300","94278","3049133","32.29"
"3259","1979","39","0.00300","0.00300","0.50","94129","282","93988","2954855","31.39"
"3260","1979","40","0.00349","0.00349","0.50","93846","327","93683","2860867","30.48"
"3261","1979","41","0.00383","0.00382","0.50","93519","357","93341","2767184","29.59"
"3262","1979","42","0.00398","0.00397","0.50","93162","370","92977","2673843","28.70"
"3263","1979","43","0.00448","0.00447","0.50","92792","414","92585","2580866","27.81"
"3264","1979","44","0.00491","0.00489","0.50","92378","452","92152","2488281","26.94"
"3265","1979","45","0.00566","0.00564","0.50","91926","519","91666","2396130","26.07"
"3266","1979","46","0.00603","0.00601","0.50","91407","550","91132","2304463","25.21"
"3267","1979","47","0.00641","0.00639","0.50","90857","581","90567","2213331","24.36"
"3268","1979","48","0.00734","0.00731","0.50","90276","660","89947","2122764","23.51"
"3269","1979","49","0.00820","0.00816","0.50","89617","731","89251","2032818","22.68"
"3270","1979","50","0.00991","0.00986","0.50","88885","876","88447","1943567","21.87"
"3271","1979","51","0.00994","0.00989","0.50","88009","871","87574","1855120","21.08"
"3272","1979","52","0.01055","0.01050","0.50","87138","915","86681","1767546","20.28"
"3273","1979","53","0.01281","0.01273","0.50","86224","1098","85675","1680865","19.49"
"3274","1979","54","0.01395","0.01386","0.50","85126","1180","84536","1595190","18.74"
"3275","1979","55","0.01589","0.01577","0.50","83946","1324","83284","1510654","18.00"
"3276","1979","56","0.01691","0.01677","0.50","82623","1386","81930","1427370","17.28"
"3277","1979","57","0.01898","0.01880","0.50","81237","1527","80474","1345440","16.56"
"3278","1979","58","0.02073","0.02052","0.50","79710","1636","78892","1264967","15.87"
"3279","1979","59","0.02328","0.02301","0.50","78074","1797","77176","1186074","15.19"
"3280","1979","60","0.02552","0.02520","0.50","76278","1922","75317","1108899","14.54"
"3281","1979","61","0.02658","0.02623","0.50","74355","1950","73380","1033582","13.90"
"3282","1979","62","0.02974","0.02931","0.50","72405","2122","71344","960202","13.26"
"3283","1979","63","0.02993","0.02949","0.50","70283","2073","69247","888858","12.65"
"3284","1979","64","0.03836","0.03764","0.50","68210","2567","66927","819611","12.02"
"3285","1979","65","0.03763","0.03694","0.50","65643","2425","64431","752684","11.47"
"3286","1979","66","0.04056","0.03975","0.50","63218","2513","61962","688254","10.89"
"3287","1979","67","0.04497","0.04398","0.50","60705","2670","59370","626292","10.32"
"3288","1979","68","0.05110","0.04983","0.50","58036","2892","56590","566922","9.77"
"3289","1979","69","0.05660","0.05504","0.50","55144","3035","53626","510332","9.25"
"3290","1979","70","0.06113","0.05931","0.50","52109","3091","50563","456706","8.76"
"3291","1979","71","0.06630","0.06417","0.50","49018","3145","47445","406142","8.29"
"3292","1979","72","0.07358","0.07097","0.50","45873","3256","44245","358697","7.82"
"3293","1979","73","0.08016","0.07707","0.50","42617","3285","40975","314452","7.38"
"3294","1979","74","0.09078","0.08684","0.50","39333","3416","37625","273477","6.95"
"3295","1979","75","0.09883","0.09418","0.50","35917","3383","34226","235852","6.57"
"3296","1979","76","0.10314","0.09808","0.50","32534","3191","30939","201627","6.20"
"3297","1979","77","0.11862","0.11198","0.50","29343","3286","27700","170688","5.82"
"3298","1979","78","0.12532","0.11793","0.50","26057","3073","24521","142988","5.49"
"3299","1979","79","0.14020","0.13102","0.50","22984","3011","21479","118467","5.15"
"3300","1979","80","0.15055","0.14001","0.50","19973","2796","18575","96988","4.86"
"3301","1979","81","0.17141","0.15788","0.50","17177","2712","15821","78413","4.57"
"3302","1979","82","0.18576","0.16998","0.50","14465","2459","13235","62592","4.33"
"3303","1979","83","0.18596","0.17014","0.50","12006","2043","10985","49357","4.11"
"3304","1979","84","0.20173","0.18325","0.50","9963","1826","9051","38372","3.85"
"3305","1979","85","0.22446","0.20181","0.50","8138","1642","7317","29322","3.60"
"3306","1979","86","0.23537","0.21059","0.50","6495","1368","5811","22005","3.39"
"3307","1979","87","0.27650","0.24292","0.50","5128","1246","4505","16194","3.16"
"3308","1979","88","0.28097","0.24636","0.50","3882","956","3404","11689","3.01"
"3309","1979","89","0.30759","0.26659","0.50","2926","780","2536","8285","2.83"
"3310","1979","90","0.31768","0.27414","0.50","2146","588","1852","5749","2.68"
"3311","1979","91","0.37351","0.31473","0.50","1557","490","1312","3898","2.50"
"3312","1979","92","0.38873","0.32547","0.50","1067","347","894","2585","2.42"
"3313","1979","93","0.38694","0.32421","0.50","720","233","603","1692","2.35"
"3314","1979","94","0.41001","0.34026","0.50","487","166","404","1089","2.24"
"3315","1979","95","0.43348","0.35627","0.50","321","114","264","685","2.13"
"3316","1979","96","0.45726","0.37217","0.50","207","77","168","421","2.04"
"3317","1979","97","0.48123","0.38790","0.50","130","50","105","253","1.95"
"3318","1979","98","0.50529","0.40338","0.50","79","32","63","148","1.87"
"3319","1979","99","0.52933","0.41855","0.50","47","20","37","85","1.79"
"3320","1979","100","0.55323","0.43335","0.50","28","12","22","48","1.73"
"3321","1979","101","0.57688","0.44774","0.50","16","7","12","26","1.66"
"3322","1979","102","0.60019","0.46165","0.50","9","4","7","14","1.60"
"3323","1979","103","0.62306","0.47506","0.50","5","2","4","7","1.55"
"3324","1979","104","0.64538","0.48793","0.50","2","1","2","4","1.50"
"3325","1979","105","0.66710","0.50024","0.50","1","1","1","2","1.46"
"3326","1979","106","0.68812","0.51197","0.50","1","0","0","1","1.42"
"3327","1979","107","0.70840","0.52311","0.50","0","0","0","0","1.38"
"3328","1979","108","0.72788","0.53366","0.50","0","0","0","0","1.35"
"3329","1979","109","0.74653","0.54362","0.50","0","0","0","0","1.33"
"3330","1979","110+","0.76431","1.00000","1.31","0","0","0","0","1.31"
"3331","1980","0","0.01855","0.01825","0.11","100000","1825","98380","6681110","66.81"
"3332","1980","1","0.00092","0.00092","0.50","98175","90","98130","6582730","67.05"
"3333","1980","2","0.00065","0.00065","0.50","98085","64","98053","6484600","66.11"
"3334","1980","3","0.00049","0.00049","0.50","98021","48","97997","6386547","65.15"
"3335","1980","4","0.00049","0.00048","0.50","97973","48","97950","6288549","64.19"
"3336","1980","5","0.00049","0.00049","0.50","97926","48","97902","6190600","63.22"
"3337","1980","6","0.00055","0.00055","0.50","97878","54","97851","6092698","62.25"
"3338","1980","7","0.00060","0.00060","0.50","97824","58","97794","5994847","61.28"
"3339","1980","8","0.00037","0.00037","0.50","97765","36","97747","5897053","60.32"
"3340","1980","9","0.00045","0.00045","0.50","97729","44","97707","5799305","59.34"
"3341","1980","10","0.00026","0.00026","0.50","97685","26","97673","5701598","58.37"
"3342","1980","11","0.00038","0.00038","0.50","97660","37","97641","5603925","57.38"
"3343","1980","12","0.00026","0.00026","0.50","97622","26","97610","5506284","56.40"
"3344","1980","13","0.00033","0.00033","0.50","97597","32","97581","5408675","55.42"
"3345","1980","14","0.00038","0.00038","0.50","97564","37","97546","5311094","54.44"
"3346","1980","15","0.00048","0.00048","0.50","97527","47","97503","5213548","53.46"
"3347","1980","16","0.00051","0.00051","0.50","97480","50","97455","5116045","52.48"
"3348","1980","17","0.00107","0.00107","0.50","97430","105","97377","5018590","51.51"
"3349","1980","18","0.00123","0.00123","0.50","97325","119","97265","4921213","50.56"
"3350","1980","19","0.00112","0.00112","0.50","97206","109","97151","4823947","49.63"
"3351","1980","20","0.00127","0.00127","0.50","97097","124","97035","4726796","48.68"
"3352","1980","21","0.00137","0.00136","0.50","96973","132","96907","4629761","47.74"
"3353","1980","22","0.00138","0.00138","0.50","96841","134","96774","4532854","46.81"
"3354","1980","23","0.00158","0.00158","0.50","96707","152","96631","4436080","45.87"
"3355","1980","24","0.00145","0.00145","0.50","96555","140","96485","4339449","44.94"
"3356","1980","25","0.00131","0.00131","0.50","96415","126","96352","4242964","44.01"
"3357","1980","26","0.00139","0.00139","0.50","96289","134","96222","4146612","43.06"
"3358","1980","27","0.00133","0.00133","0.50","96155","127","96091","4050390","42.12"
"3359","1980","28","0.00130","0.00130","0.50","96028","125","95965","3954299","41.18"
"3360","1980","29","0.00149","0.00149","0.50","95903","142","95832","3858333","40.23"
"3361","1980","30","0.00152","0.00152","0.50","95761","145","95688","3762502","39.29"
"3362","1980","31","0.00162","0.00162","0.50","95615","155","95538","3666814","38.35"
"3363","1980","32","0.00163","0.00163","0.50","95461","156","95383","3571276","37.41"
"3364","1980","33","0.00181","0.00180","0.50","95305","172","95219","3475893","36.47"
"3365","1980","34","0.00179","0.00178","0.50","95133","170","95048","3380674","35.54"
"3366","1980","35","0.00192","0.00192","0.50","94963","183","94872","3285626","34.60"
"3367","1980","36","0.00212","0.00211","0.50","94781","200","94681","3190754","33.66"
"3368","1980","37","0.00259","0.00259","0.50","94580","245","94458","3096073","32.73"
"3369","1980","38","0.00299","0.00299","0.50","94335","282","94194","3001615","31.82"
"3370","1980","39","0.00299","0.00298","0.50","94054","280","93913","2907421","30.91"
"3371","1980","40","0.00360","0.00360","0.50","93773","337","93605","2813507","30.00"
"3372","1980","41","0.00378","0.00377","0.50","93436","352","93260","2719903","29.11"
"3373","1980","42","0.00446","0.00445","0.50","93084","414","92876","2626643","28.22"
"3374","1980","43","0.00452","0.00451","0.50","92669","418","92460","2533767","27.34"
"3375","1980","44","0.00510","0.00509","0.50","92251","469","92017","2441306","26.46"
"3376","1980","45","0.00591","0.00589","0.50","91782","541","91511","2349290","25.60"
"3377","1980","46","0.00652","0.00650","0.50","91241","593","90945","2257778","24.75"
"3378","1980","47","0.00673","0.00671","0.50","90648","608","90344","2166833","23.90"
"3379","1980","48","0.00777","0.00774","0.50","90041","697","89692","2076489","23.06"
"3380","1980","49","0.00995","0.00990","0.50","89343","884","88901","1986797","22.24"
"3381","1980","50","0.01040","0.01035","0.50","88459","915","88002","1897896","21.46"
"3382","1980","51","0.01078","0.01073","0.50","87544","939","87074","1809894","20.67"
"3383","1980","52","0.01234","0.01226","0.50","86605","1062","86074","1722820","19.89"
"3384","1980","53","0.01343","0.01334","0.50","85543","1141","84972","1636746","19.13"
"3385","1980","54","0.01523","0.01512","0.50","84402","1276","83764","1551773","18.39"
"3386","1980","55","0.01662","0.01648","0.50","83126","1370","82441","1468010","17.66"
"3387","1980","56","0.01832","0.01815","0.50","81755","1484","81013","1385569","16.95"
"3388","1980","57","0.01957","0.01938","0.50","80271","1556","79493","1304556","16.25"
"3389","1980","58","0.02155","0.02132","0.50","78716","1678","77876","1225063","15.56"
"3390","1980","59","0.02444","0.02415","0.50","77037","1860","76107","1147186","14.89"
"3391","1980","60","0.02773","0.02735","0.50","75177","2056","74149","1071079","14.25"
"3392","1980","61","0.02713","0.02677","0.50","73121","1957","72142","996930","13.63"
"3393","1980","62","0.03104","0.03057","0.50","71163","2175","70076","924788","13.00"
"3394","1980","63","0.03161","0.03112","0.50","68988","2147","67915","854712","12.39"
"3395","1980","64","0.03327","0.03273","0.50","66841","2188","65748","786797","11.77"
"3396","1980","65","0.04084","0.04002","0.50","64654","2588","63360","721050","11.15"
"3397","1980","66","0.04284","0.04194","0.50","62066","2603","60765","657690","10.60"
"3398","1980","67","0.04784","0.04672","0.50","59463","2778","58074","596925","10.04"
"3399","1980","68","0.05063","0.04938","0.50","56685","2799","55286","538851","9.51"
"3400","1980","69","0.05709","0.05551","0.50","53886","2991","52391","483565","8.97"
"3401","1980","70","0.06688","0.06471","0.50","50895","3294","49248","431175","8.47"
"3402","1980","71","0.07057","0.06816","0.50","47601","3245","45979","381926","8.02"
"3403","1980","72","0.07505","0.07234","0.50","44357","3209","42752","335947","7.57"
"3404","1980","73","0.08478","0.08133","0.50","41148","3347","39475","293195","7.13"
"3405","1980","74","0.09430","0.09006","0.50","37802","3404","36099","253720","6.71"
"3406","1980","75","0.09907","0.09440","0.50","34397","3247","32774","217621","6.33"
"3407","1980","76","0.10892","0.10329","0.50","31150","3218","29542","184847","5.93"
"3408","1980","77","0.12232","0.11527","0.50","27933","3220","26323","155305","5.56"
"3409","1980","78","0.13603","0.12737","0.50","24713","3148","23139","128982","5.22"
"3410","1980","79","0.14423","0.13453","0.50","21565","2901","20115","105843","4.91"
"3411","1980","80","0.16365","0.15127","0.50","18664","2823","17252","85729","4.59"
"3412","1980","81","0.18252","0.16725","0.50","15841","2649","14516","68476","4.32"
"3413","1980","82","0.19633","0.17878","0.50","13191","2358","12012","53960","4.09"
"3414","1980","83","0.20404","0.18515","0.50","10833","2006","9830","41948","3.87"
"3415","1980","84","0.22523","0.20243","0.50","8827","1787","7934","32118","3.64"
"3416","1980","85","0.23809","0.21276","0.50","7040","1498","6291","24184","3.44"
"3417","1980","86","0.25471","0.22593","0.50","5542","1252","4916","17893","3.23"
"3418","1980","87","0.29342","0.25588","0.50","4290","1098","3741","12976","3.02"
"3419","1980","88","0.28334","0.24818","0.50","3192","792","2796","9235","2.89"
"3420","1980","89","0.30495","0.26461","0.50","2400","635","2083","6439","2.68"
"3421","1980","90","0.36121","0.30595","0.50","1765","540","1495","4356","2.47"
"3422","1980","91","0.37047","0.31257","0.50","1225","383","1034","2861","2.34"
"3423","1980","92","0.44242","0.36228","0.50","842","305","690","1827","2.17"
"3424","1980","93","0.46864","0.37968","0.50","537","204","435","1138","2.12"
"3425","1980","94","0.43852","0.35966","0.50","333","120","273","703","2.11"
"3426","1980","95","0.46290","0.37590","0.50","213","80","173","430","2.01"
"3427","1980","96","0.48745","0.39193","0.50","133","52","107","256","1.93"
"3428","1980","97","0.51207","0.40768","0.50","81","33","64","149","1.84"
"3429","1980","98","0.53662","0.42310","0.50","48","20","38","85","1.77"
"3430","1980","99","0.56100","0.43811","0.50","28","12","22","47","1.70"
"3431","1980","100","0.58509","0.45266","0.50","16","7","12","25","1.64"
"3432","1980","101","0.60878","0.46671","0.50","9","4","7","13","1.58"
"3433","1980","102","0.63196","0.48022","0.50","5","2","3","7","1.53"
"3434","1980","103","0.65455","0.49316","0.50","2","1","2","3","1.48"
"3435","1980","104","0.67647","0.50549","0.50","1","1","1","2","1.44"
"3436","1980","105","0.69764","0.51722","0.50","1","0","0","1","1.40"
"3437","1980","106","0.71800","0.52833","0.50","0","0","0","0","1.36"
"3438","1980","107","0.73750","0.53881","0.50","0","0","0","0","1.33"
"3439","1980","108","0.75611","0.54868","0.50","0","0","0","0","1.30"
"3440","1980","109","0.77381","0.55794","0.50","0","0","0","0","1.28"
"3441","1980","110+","0.79058","1.00000","1.26","0","0","0","0","1.26"
"3442","1981","0","0.01757","0.01730","0.11","100000","1730","98468","6719221","67.19"
"3443","1981","1","0.00095","0.00094","0.50","98270","93","98224","6620753","67.37"
"3444","1981","2","0.00060","0.00060","0.50","98177","59","98148","6522530","66.44"
"3445","1981","3","0.00043","0.00043","0.50","98118","42","98097","6424382","65.48"
"3446","1981","4","0.00044","0.00044","0.50","98076","43","98054","6326286","64.50"
"3447","1981","5","0.00049","0.00049","0.50","98032","48","98008","6228232","63.53"
"3448","1981","6","0.00049","0.00049","0.50","97985","48","97961","6130223","62.56"
"3449","1981","7","0.00042","0.00042","0.50","97937","41","97916","6032263","61.59"
"3450","1981","8","0.00049","0.00049","0.50","97896","48","97871","5934347","60.62"
"3451","1981","9","0.00045","0.00045","0.50","97847","44","97825","5836475","59.65"
"3452","1981","10","0.00033","0.00033","0.50","97804","32","97788","5738650","58.68"
"3453","1981","11","0.00033","0.00033","0.50","97771","32","97755","5640862","57.69"
"3454","1981","12","0.00017","0.00017","0.50","97739","17","97731","5543107","56.71"
"3455","1981","13","0.00039","0.00039","0.50","97722","38","97703","5445376","55.72"
"3456","1981","14","0.00042","0.00042","0.50","97684","41","97663","5347673","54.74"
"3457","1981","15","0.00054","0.00054","0.50","97643","53","97617","5250010","53.77"
"3458","1981","16","0.00062","0.00062","0.50","97590","60","97560","5152393","52.80"
"3459","1981","17","0.00103","0.00103","0.50","97530","100","97480","5054833","51.83"
"3460","1981","18","0.00132","0.00132","0.50","97430","129","97365","4957353","50.88"
"3461","1981","19","0.00122","0.00121","0.50","97301","118","97242","4859988","49.95"
"3462","1981","20","0.00110","0.00110","0.50","97183","107","97129","4762746","49.01"
"3463","1981","21","0.00090","0.00090","0.50","97075","88","97032","4665617","48.06"
"3464","1981","22","0.00123","0.00123","0.50","96988","119","96928","4568585","47.10"
"3465","1981","23","0.00138","0.00138","0.50","96869","134","96802","4471657","46.16"
"3466","1981","24","0.00126","0.00125","0.50","96735","121","96674","4374855","45.23"
"3467","1981","25","0.00132","0.00132","0.50","96613","127","96550","4278181","44.28"
"3468","1981","26","0.00135","0.00135","0.50","96486","130","96421","4181632","43.34"
"3469","1981","27","0.00126","0.00126","0.50","96356","121","96296","4085211","42.40"
"3470","1981","28","0.00150","0.00149","0.50","96235","144","96163","3988915","41.45"
"3471","1981","29","0.00137","0.00137","0.50","96091","132","96025","3892752","40.51"
"3472","1981","30","0.00176","0.00175","0.50","95960","168","95875","3796726","39.57"
"3473","1981","31","0.00188","0.00188","0.50","95791","180","95701","3700851","38.63"
"3474","1981","32","0.00180","0.00180","0.50","95612","172","95526","3605150","37.71"
"3475","1981","33","0.00171","0.00171","0.50","95440","164","95358","3509624","36.77"
"3476","1981","34","0.00183","0.00183","0.50","95276","174","95189","3414266","35.84"
"3477","1981","35","0.00235","0.00235","0.50","95102","223","94990","3319077","34.90"
"3478","1981","36","0.00251","0.00251","0.50","94879","238","94760","3224086","33.98"
"3479","1981","37","0.00258","0.00258","0.50","94641","244","94519","3129326","33.07"
"3480","1981","38","0.00244","0.00244","0.50","94397","230","94282","3034807","32.15"
"3481","1981","39","0.00294","0.00293","0.50","94167","276","94029","2940525","31.23"
"3482","1981","40","0.00333","0.00332","0.50","93891","312","93735","2846496","30.32"
"3483","1981","41","0.00380","0.00380","0.50","93579","355","93401","2752762","29.42"
"3484","1981","42","0.00372","0.00371","0.50","93223","346","93050","2659361","28.53"
"3485","1981","43","0.00491","0.00489","0.50","92877","455","92650","2566311","27.63"
"3486","1981","44","0.00528","0.00527","0.50","92422","487","92179","2473661","26.76"
"3487","1981","45","0.00564","0.00562","0.50","91935","517","91677","2381482","25.90"
"3488","1981","46","0.00631","0.00629","0.50","91419","575","91131","2289805","25.05"
"3489","1981","47","0.00686","0.00684","0.50","90844","621","90533","2198674","24.20"
"3490","1981","48","0.00709","0.00707","0.50","90223","638","89904","2108141","23.37"
"3491","1981","49","0.00818","0.00815","0.50","89585","730","89220","2018237","22.53"
"3492","1981","50","0.00978","0.00973","0.50","88855","865","88423","1929017","21.71"
"3493","1981","51","0.01055","0.01049","0.50","87990","923","87529","1840594","20.92"
"3494","1981","52","0.01221","0.01213","0.50","87067","1056","86539","1753065","20.13"
"3495","1981","53","0.01284","0.01276","0.50","86011","1098","85462","1666526","19.38"
"3496","1981","54","0.01337","0.01329","0.50","84913","1128","84349","1581065","18.62"
"3497","1981","55","0.01630","0.01617","0.50","83785","1355","83108","1496716","17.86"
"3498","1981","56","0.01797","0.01781","0.50","82430","1468","81696","1413608","17.15"
"3499","1981","57","0.01905","0.01887","0.50","80962","1528","80198","1331912","16.45"
"3500","1981","58","0.02310","0.02284","0.50","79434","1814","78527","1251714","15.76"
"3501","1981","59","0.02348","0.02321","0.50","77620","1801","76720","1173187","15.11"
"3502","1981","60","0.02528","0.02497","0.50","75819","1893","74872","1096467","14.46"
"3503","1981","61","0.02915","0.02873","0.50","73926","2124","72864","1021595","13.82"
"3504","1981","62","0.03029","0.02984","0.50","71802","2142","70731","948731","13.21"
"3505","1981","63","0.03174","0.03125","0.50","69660","2177","68571","878000","12.60"
"3506","1981","64","0.03630","0.03566","0.50","67483","2406","66280","809429","11.99"
"3507","1981","65","0.03754","0.03685","0.50","65077","2398","63877","743149","11.42"
"3508","1981","66","0.04300","0.04209","0.50","62678","2638","61359","679272","10.84"
"3509","1981","67","0.04519","0.04419","0.50","60040","2653","58714","617912","10.29"
"3510","1981","68","0.04951","0.04831","0.50","57387","2773","56001","559199","9.74"
"3511","1981","69","0.05585","0.05433","0.50","54614","2967","53131","503198","9.21"
"3512","1981","70","0.05897","0.05729","0.50","51647","2959","50168","450067","8.71"
"3513","1981","71","0.06750","0.06530","0.50","48688","3179","47099","399900","8.21"
"3514","1981","72","0.07378","0.07116","0.50","45509","3238","43890","352801","7.75"
"3515","1981","73","0.08336","0.08003","0.50","42271","3383","40579","308911","7.31"
"3516","1981","74","0.08908","0.08528","0.50","38888","3316","37230","268332","6.90"
"3517","1981","75","0.09697","0.09249","0.50","35572","3290","33926","231102","6.50"
"3518","1981","76","0.10873","0.10312","0.50","32281","3329","30617","197175","6.11"
"3519","1981","77","0.11847","0.11184","0.50","28953","3238","27333","166558","5.75"
"3520","1981","78","0.12648","0.11896","0.50","25714","3059","24185","139225","5.41"
"3521","1981","79","0.14564","0.13575","0.50","22656","3076","21118","115040","5.08"
"3522","1981","80","0.15205","0.14131","0.50","19580","2767","18197","93922","4.80"
"3523","1981","81","0.17052","0.15713","0.50","16813","2642","15492","75726","4.50"
"3524","1981","82","0.17886","0.16418","0.50","14171","2327","13008","60233","4.25"
"3525","1981","83","0.19538","0.17799","0.50","11845","2108","10791","47225","3.99"
"3526","1981","84","0.21228","0.19191","0.50","9737","1869","8802","36434","3.74"
"3527","1981","85","0.21649","0.19534","0.50","7868","1537","7099","27632","3.51"
"3528","1981","86","0.28432","0.24893","0.50","6331","1576","5543","20533","3.24"
"3529","1981","87","0.28121","0.24654","0.50","4755","1172","4169","14990","3.15"
"3530","1981","88","0.30499","0.26464","0.50","3583","948","3109","10821","3.02"
"3531","1981","89","0.29344","0.25590","0.50","2635","674","2298","7712","2.93"
"3532","1981","90","0.32430","0.27905","0.50","1960","547","1687","5415","2.76"
"3533","1981","91","0.32045","0.27620","0.50","1413","390","1218","3728","2.64"
"3534","1981","92","0.33163","0.28446","0.50","1023","291","877","2510","2.45"
"3535","1981","93","0.41372","0.34281","0.50","732","251","607","1632","2.23"
"3536","1981","94","0.43188","0.35518","0.50","481","171","396","1026","2.13"
"3537","1981","95","0.45718","0.37212","0.50","310","115","252","630","2.03"
"3538","1981","96","0.48272","0.38886","0.50","195","76","157","377","1.94"
"3539","1981","97","0.50834","0.40532","0.50","119","48","95","221","1.85"
"3540","1981","98","0.53392","0.42142","0.50","71","30","56","126","1.78"
"3541","1981","99","0.55932","0.43708","0.50","41","18","32","70","1.70"
"3542","1981","100","0.58441","0.45226","0.50","23","10","18","38","1.64"
"3543","1981","101","0.60907","0.46689","0.50","13","6","10","20","1.58"
"3544","1981","102","0.63319","0.48093","0.50","7","3","5","10","1.53"
"3545","1981","103","0.65666","0.49435","0.50","3","2","3","5","1.48"
"3546","1981","104","0.67939","0.50712","0.50","2","1","1","3","1.43"
"3547","1981","105","0.70130","0.51923","0.50","1","0","1","1","1.39"
"3548","1981","106","0.72232","0.53067","0.50","0","0","0","1","1.36"
"3549","1981","107","0.74241","0.54143","0.50","0","0","0","0","1.32"
"3550","1981","108","0.76152","0.55152","0.50","0","0","0","0","1.29"
"3551","1981","109","0.77964","0.56096","0.50","0","0","0","0","1.27"
"3552","1981","110+","0.79675","1.00000","1.26","0","0","0","0","1.26"
"3553","1982","0","0.01800","0.01771","0.11","100000","1771","98429","6732061","67.32"
"3554","1982","1","0.00080","0.00080","0.50","98229","79","98189","6633632","67.53"
"3555","1982","2","0.00056","0.00056","0.50","98150","55","98123","6535442","66.59"
"3556","1982","3","0.00052","0.00052","0.50","98095","51","98070","6437320","65.62"
"3557","1982","4","0.00050","0.00050","0.50","98044","49","98019","6339250","64.66"
"3558","1982","5","0.00054","0.00054","0.50","97995","53","97968","6241231","63.69"
"3559","1982","6","0.00037","0.00037","0.50","97942","36","97924","6143262","62.72"
"3560","1982","7","0.00026","0.00026","0.50","97906","26","97893","6045338","61.75"
"3561","1982","8","0.00032","0.00032","0.50","97880","32","97864","5947445","60.76"
"3562","1982","9","0.00031","0.00031","0.50","97848","30","97833","5849581","59.78"
"3563","1982","10","0.00028","0.00028","0.50","97818","27","97804","5751748","58.80"
"3564","1982","11","0.00026","0.00026","0.50","97791","26","97778","5653943","57.82"
"3565","1982","12","0.00033","0.00033","0.50","97765","32","97749","5556165","56.83"
"3566","1982","13","0.00038","0.00038","0.50","97733","38","97714","5458417","55.85"
"3567","1982","14","0.00044","0.00044","0.50","97695","43","97674","5360703","54.87"
"3568","1982","15","0.00042","0.00042","0.50","97652","41","97632","5263029","53.90"
"3569","1982","16","0.00077","0.00077","0.50","97611","75","97574","5165397","52.92"
"3570","1982","17","0.00103","0.00103","0.50","97536","101","97486","5067823","51.96"
"3571","1982","18","0.00107","0.00107","0.50","97436","104","97384","4970337","51.01"
"3572","1982","19","0.00083","0.00083","0.50","97331","81","97291","4872954","50.07"
"3573","1982","20","0.00079","0.00079","0.50","97251","77","97212","4775663","49.11"
"3574","1982","21","0.00104","0.00104","0.50","97174","101","97123","4678450","48.15"
"3575","1982","22","0.00126","0.00126","0.50","97073","122","97011","4581327","47.19"
"3576","1982","23","0.00116","0.00116","0.50","96950","112","96894","4484316","46.25"
"3577","1982","24","0.00144","0.00144","0.50","96838","139","96768","4387422","45.31"
"3578","1982","25","0.00141","0.00141","0.50","96699","137","96630","4290653","44.37"
"3579","1982","26","0.00099","0.00099","0.50","96562","96","96514","4194023","43.43"
"3580","1982","27","0.00130","0.00130","0.50","96466","125","96404","4097509","42.48"
"3581","1982","28","0.00133","0.00133","0.50","96341","128","96277","4001105","41.53"
"3582","1982","29","0.00131","0.00131","0.50","96212","126","96149","3904829","40.59"
"3583","1982","30","0.00153","0.00153","0.50","96087","147","96013","3808679","39.64"
"3584","1982","31","0.00174","0.00174","0.50","95940","166","95857","3712666","38.70"
"3585","1982","32","0.00186","0.00186","0.50","95773","178","95685","3616809","37.76"
"3586","1982","33","0.00177","0.00177","0.50","95596","169","95511","3521125","36.83"
"3587","1982","34","0.00181","0.00181","0.50","95427","172","95341","3425613","35.90"
"3588","1982","35","0.00213","0.00213","0.50","95254","202","95153","3330273","34.96"
"3589","1982","36","0.00222","0.00222","0.50","95052","211","94947","3235120","34.04"
"3590","1982","37","0.00238","0.00237","0.50","94841","225","94729","3140173","33.11"
"3591","1982","38","0.00276","0.00276","0.50","94616","261","94486","3045444","32.19"
"3592","1982","39","0.00282","0.00282","0.50","94355","266","94222","2950959","31.27"
"3593","1982","40","0.00332","0.00331","0.50","94090","312","93934","2856736","30.36"
"3594","1982","41","0.00389","0.00388","0.50","93778","364","93596","2762802","29.46"
"3595","1982","42","0.00391","0.00390","0.50","93414","364","93232","2669206","28.57"
"3596","1982","43","0.00449","0.00448","0.50","93050","417","92842","2575974","27.68"
"3597","1982","44","0.00499","0.00498","0.50","92633","461","92403","2483133","26.81"
"3598","1982","45","0.00486","0.00485","0.50","92172","447","91949","2390730","25.94"
"3599","1982","46","0.00622","0.00620","0.50","91725","569","91441","2298781","25.06"
"3600","1982","47","0.00683","0.00680","0.50","91157","620","90847","2207340","24.21"
"3601","1982","48","0.00755","0.00753","0.50","90537","681","90196","2116493","23.38"
"3602","1982","49","0.00833","0.00829","0.50","89855","745","89483","2026297","22.55"
"3603","1982","50","0.00936","0.00932","0.50","89110","830","88695","1936815","21.74"
"3604","1982","51","0.01090","0.01084","0.50","88279","957","87801","1848120","20.93"
"3605","1982","52","0.01174","0.01167","0.50","87323","1019","86813","1760319","20.16"
"3606","1982","53","0.01346","0.01337","0.50","86304","1154","85727","1673506","19.39"
"3607","1982","54","0.01358","0.01349","0.50","85149","1149","84575","1587779","18.65"
"3608","1982","55","0.01607","0.01594","0.50","84001","1339","83331","1503204","17.90"
"3609","1982","56","0.01722","0.01707","0.50","82662","1411","81956","1419873","17.18"
"3610","1982","57","0.01862","0.01844","0.50","81250","1499","80501","1337917","16.47"
"3611","1982","58","0.02115","0.02093","0.50","79752","1669","78917","1257416","15.77"
"3612","1982","59","0.02322","0.02295","0.50","78082","1792","77186","1178500","15.09"
"3613","1982","60","0.02512","0.02481","0.50","76290","1893","75344","1101313","14.44"
"3614","1982","61","0.02681","0.02645","0.50","74397","1968","73413","1025970","13.79"
"3615","1982","62","0.03296","0.03243","0.50","72429","2349","71255","952556","13.15"
"3616","1982","63","0.03352","0.03297","0.50","70081","2311","68925","881301","12.58"
"3617","1982","64","0.03555","0.03493","0.50","67770","2367","66586","812376","11.99"
"3618","1982","65","0.03951","0.03874","0.50","65403","2534","64136","745790","11.40"
"3619","1982","66","0.04036","0.03956","0.50","62869","2487","61625","681654","10.84"
"3620","1982","67","0.04847","0.04732","0.50","60382","2857","58953","620029","10.27"
"3621","1982","68","0.05016","0.04894","0.50","57524","2815","56117","561076","9.75"
"3622","1982","69","0.05308","0.05171","0.50","54709","2829","53295","504959","9.23"
"3623","1982","70","0.06255","0.06065","0.50","51880","3147","50307","451664","8.71"
"3624","1982","71","0.06459","0.06257","0.50","48734","3049","47209","401357","8.24"
"3625","1982","72","0.07392","0.07128","0.50","45684","3257","44056","354148","7.75"
"3626","1982","73","0.07976","0.07670","0.50","42428","3254","40801","310092","7.31"
"3627","1982","74","0.08809","0.08438","0.50","39174","3305","37521","269291","6.87"
"3628","1982","75","0.09887","0.09421","0.50","35868","3379","34179","231770","6.46"
"3629","1982","76","0.10904","0.10340","0.50","32489","3359","30810","197591","6.08"
"3630","1982","77","0.11659","0.11016","0.50","29130","3209","27525","166782","5.73"
"3631","1982","78","0.13420","0.12576","0.50","25921","3260","24291","139256","5.37"
"3632","1982","79","0.14073","0.13148","0.50","22661","2979","21171","114965","5.07"
"3633","1982","80","0.16032","0.14842","0.50","19682","2921","18221","93794","4.77"
"3634","1982","81","0.16993","0.15662","0.50","16760","2625","15448","75573","4.51"
"3635","1982","82","0.18144","0.16635","0.50","14135","2351","12960","60125","4.25"
"3636","1982","83","0.19981","0.18166","0.50","11784","2141","10714","47166","4.00"
"3637","1982","84","0.21694","0.19571","0.50","9643","1887","8700","36452","3.78"
"3638","1982","85","0.22454","0.20188","0.50","7756","1566","6973","27753","3.58"
"3639","1982","86","0.24094","0.21503","0.50","6190","1331","5525","20780","3.36"
"3640","1982","87","0.27105","0.23870","0.50","4859","1160","4279","15255","3.14"
"3641","1982","88","0.27696","0.24327","0.50","3699","900","3249","10976","2.97"
"3642","1982","89","0.29275","0.25537","0.50","2799","715","2442","7726","2.76"
"3643","1982","90","0.34885","0.29704","0.50","2084","619","1775","5285","2.54"
"3644","1982","91","0.36526","0.30885","0.50","1465","453","1239","3510","2.40"
"3645","1982","92","0.39937","0.33290","0.50","1013","337","844","2271","2.24"
"3646","1982","93","0.49245","0.39515","0.50","676","267","542","1427","2.11"
"3647","1982","94","0.42538","0.35078","0.50","409","143","337","884","2.16"
"3648","1982","95","0.44975","0.36718","0.50","265","97","217","548","2.06"
"3649","1982","96","0.47435","0.38342","0.50","168","64","136","331","1.97"
"3650","1982","97","0.49909","0.39942","0.50","104","41","83","195","1.89"
"3651","1982","98","0.52382","0.41510","0.50","62","26","49","112","1.81"
"3652","1982","99","0.54845","0.43042","0.50","36","16","29","63","1.74"
"3653","1982","100","0.57283","0.44529","0.50","21","9","16","35","1.67"
"3654","1982","101","0.59687","0.45968","0.50","11","5","9","19","1.61"
"3655","1982","102","0.62045","0.47354","0.50","6","3","5","10","1.56"
"3656","1982","103","0.64347","0.48684","0.50","3","2","2","5","1.51"
"3657","1982","104","0.66585","0.49954","0.50","2","1","1","2","1.46"
"3658","1982","105","0.68751","0.51164","0.50","1","0","1","1","1.42"
"3659","1982","106","0.70838","0.52310","0.50","0","0","0","1","1.38"
"3660","1982","107","0.72841","0.53394","0.50","0","0","0","0","1.35"
"3661","1982","108","0.74755","0.54416","0.50","0","0","0","0","1.32"
"3662","1982","109","0.76577","0.55375","0.50","0","0","0","0","1.29"
"3663","1982","110+","0.78307","1.00000","1.28","0","0","0","0","1.28"
"3664","1983","0","0.01718","0.01692","0.12","100000","1692","98503","6704054","67.04"
"3665","1983","1","0.00079","0.00079","0.50","98308","78","98269","6605551","67.19"
"3666","1983","2","0.00037","0.00037","0.50","98230","37","98212","6507282","66.25"
"3667","1983","3","0.00051","0.00051","0.50","98193","50","98168","6409070","65.27"
"3668","1983","4","0.00042","0.00042","0.50","98143","41","98123","6310902","64.30"
"3669","1983","5","0.00031","0.00031","0.50","98102","30","98087","6212779","63.33"
"3670","1983","6","0.00050","0.00050","0.50","98072","49","98047","6114692","62.35"
"3671","1983","7","0.00050","0.00050","0.50","98023","49","97998","6016645","61.38"
"3672","1983","8","0.00034","0.00034","0.50","97974","34","97957","5918647","60.41"
"3673","1983","9","0.00037","0.00037","0.50","97940","36","97922","5820690","59.43"
"3674","1983","10","0.00040","0.00040","0.50","97904","39","97885","5722768","58.45"
"3675","1983","11","0.00031","0.00031","0.50","97865","30","97850","5624883","57.48"
"3676","1983","12","0.00043","0.00043","0.50","97835","42","97814","5527033","56.49"
"3677","1983","13","0.00032","0.00032","0.50","97793","31","97777","5429219","55.52"
"3678","1983","14","0.00046","0.00046","0.50","97761","45","97739","5331442","54.54"
"3679","1983","15","0.00052","0.00052","0.50","97717","51","97691","5233703","53.56"
"3680","1983","16","0.00071","0.00071","0.50","97666","69","97631","5136012","52.59"
"3681","1983","17","0.00077","0.00077","0.50","97597","75","97559","5038381","51.62"
"3682","1983","18","0.00109","0.00109","0.50","97522","106","97468","4940822","50.66"
"3683","1983","19","0.00094","0.00094","0.50","97415","91","97370","4843353","49.72"
"3684","1983","20","0.00090","0.00090","0.50","97324","88","97280","4745983","48.76"
"3685","1983","21","0.00126","0.00126","0.50","97236","123","97175","4648703","47.81"
"3686","1983","22","0.00120","0.00120","0.50","97113","116","97055","4551529","46.87"
"3687","1983","23","0.00125","0.00125","0.50","96997","121","96937","4454473","45.92"
"3688","1983","24","0.00136","0.00136","0.50","96876","131","96810","4357537","44.98"
"3689","1983","25","0.00132","0.00132","0.50","96745","128","96681","4260727","44.04"
"3690","1983","26","0.00140","0.00140","0.50","96617","135","96549","4164046","43.10"
"3691","1983","27","0.00135","0.00135","0.50","96481","130","96416","4067497","42.16"
"3692","1983","28","0.00155","0.00155","0.50","96351","149","96277","3971080","41.21"
"3693","1983","29","0.00133","0.00132","0.50","96202","127","96138","3874804","40.28"
"3694","1983","30","0.00175","0.00175","0.50","96075","168","95991","3778665","39.33"
"3695","1983","31","0.00148","0.00148","0.50","95906","142","95835","3682675","38.40"
"3696","1983","32","0.00167","0.00167","0.50","95764","160","95684","3586839","37.45"
"3697","1983","33","0.00164","0.00164","0.50","95604","156","95526","3491155","36.52"
"3698","1983","34","0.00203","0.00203","0.50","95448","194","95351","3395629","35.58"
"3699","1983","35","0.00230","0.00230","0.50","95254","219","95144","3300279","34.65"
"3700","1983","36","0.00240","0.00240","0.50","95035","228","94921","3205134","33.73"
"3701","1983","37","0.00222","0.00222","0.50","94807","211","94701","3110214","32.81"
"3702","1983","38","0.00304","0.00303","0.50","94596","287","94453","3015513","31.88"
"3703","1983","39","0.00307","0.00306","0.50","94309","289","94165","2921060","30.97"
"3704","1983","40","0.00340","0.00340","0.50","94020","319","93861","2826895","30.07"
"3705","1983","41","0.00338","0.00337","0.50","93701","316","93543","2733035","29.17"
"3706","1983","42","0.00464","0.00463","0.50","93385","432","93169","2639492","28.26"
"3707","1983","43","0.00461","0.00460","0.50","92953","427","92739","2546323","27.39"
"3708","1983","44","0.00565","0.00564","0.50","92525","522","92265","2453584","26.52"
"3709","1983","45","0.00621","0.00619","0.50","92004","569","91719","2361319","25.67"
"3710","1983","46","0.00670","0.00668","0.50","91434","610","91129","2269600","24.82"
"3711","1983","47","0.00731","0.00728","0.50","90824","661","90494","2178471","23.99"
"3712","1983","48","0.00800","0.00797","0.50","90163","718","89804","2087977","23.16"
"3713","1983","49","0.00886","0.00883","0.50","89445","789","89050","1998173","22.34"
"3714","1983","50","0.00959","0.00955","0.50","88655","846","88232","1909123","21.53"
"3715","1983","51","0.01098","0.01092","0.50","87809","959","87329","1820891","20.74"
"3716","1983","52","0.01190","0.01183","0.50","86850","1027","86336","1733561","19.96"
"3717","1983","53","0.01328","0.01319","0.50","85822","1132","85256","1647225","19.19"
"3718","1983","54","0.01471","0.01461","0.50","84690","1237","84072","1561969","18.44"
"3719","1983","55","0.01611","0.01598","0.50","83453","1334","82786","1477897","17.71"
"3720","1983","56","0.01768","0.01753","0.50","82119","1439","81400","1395111","16.99"
"3721","1983","57","0.01949","0.01930","0.50","80680","1557","79902","1313711","16.28"
"3722","1983","58","0.02208","0.02184","0.50","79123","1728","78259","1233809","15.59"
"3723","1983","59","0.02434","0.02405","0.50","77395","1861","76464","1155550","14.93"
"3724","1983","60","0.02607","0.02574","0.50","75534","1944","74562","1079086","14.29"
"3725","1983","61","0.02949","0.02906","0.50","73590","2139","72520","1004524","13.65"
"3726","1983","62","0.03185","0.03135","0.50","71451","2240","70331","932004","13.04"
"3727","1983","63","0.03390","0.03333","0.50","69211","2307","68057","861673","12.45"
"3728","1983","64","0.03643","0.03578","0.50","66904","2394","65707","793616","11.86"
"3729","1983","65","0.03854","0.03782","0.50","64510","2440","63290","727909","11.28"
"3730","1983","66","0.04488","0.04390","0.50","62070","2725","60708","664619","10.71"
"3731","1983","67","0.04649","0.04544","0.50","59346","2696","57997","603911","10.18"
"3732","1983","68","0.05443","0.05298","0.50","56649","3001","55148","545913","9.64"
"3733","1983","69","0.05875","0.05707","0.50","53648","3062","52117","490765","9.15"
"3734","1983","70","0.06193","0.06007","0.50","50586","3039","49066","438648","8.67"
"3735","1983","71","0.06631","0.06418","0.50","47547","3052","46021","389582","8.19"
"3736","1983","72","0.07588","0.07310","0.50","44495","3253","42869","343560","7.72"
"3737","1983","73","0.08016","0.07707","0.50","41243","3179","39653","300691","7.29"
"3738","1983","74","0.08937","0.08555","0.50","38064","3256","36436","261038","6.86"
"3739","1983","75","0.09683","0.09236","0.50","34808","3215","33200","224602","6.45"
"3740","1983","76","0.10856","0.10297","0.50","31593","3253","29966","191402","6.06"
"3741","1983","77","0.12120","0.11428","0.50","28339","3239","26720","161436","5.70"
"3742","1983","78","0.13188","0.12372","0.50","25101","3106","23548","134716","5.37"
"3743","1983","79","0.14130","0.13198","0.50","21995","2903","20544","111168","5.05"
"3744","1983","80","0.15377","0.14279","0.50","19092","2726","17729","90624","4.75"
"3745","1983","81","0.17459","0.16057","0.50","16366","2628","15052","72894","4.45"
"3746","1983","82","0.18046","0.16552","0.50","13738","2274","12601","57842","4.21"
"3747","1983","83","0.20383","0.18498","0.50","11464","2121","10404","45241","3.95"
"3748","1983","84","0.21201","0.19169","0.50","9344","1791","8448","34837","3.73"
"3749","1983","85","0.23221","0.20805","0.50","7552","1571","6767","26389","3.49"
"3750","1983","86","0.25012","0.22232","0.50","5981","1330","5316","19622","3.28"
"3751","1983","87","0.28011","0.24570","0.50","4651","1143","4080","14306","3.08"
"3752","1983","88","0.30032","0.26111","0.50","3509","916","3051","10226","2.91"
"3753","1983","89","0.30258","0.26282","0.50","2592","681","2252","7175","2.77"
"3754","1983","90","0.34822","0.29658","0.50","1911","567","1628","4924","2.58"
"3755","1983","91","0.35484","0.30137","0.50","1344","405","1142","3296","2.45"
"3756","1983","92","0.38893","0.32561","0.50","939","306","786","2154","2.29"
"3757","1983","93","0.44823","0.36617","0.50","633","232","517","1368","2.16"
"3758","1983","94","0.43519","0.35741","0.50","401","143","330","850","2.12"
"3759","1983","95","0.46047","0.37429","0.50","258","97","210","521","2.02"
"3760","1983","96","0.48595","0.39096","0.50","161","63","130","311","1.93"
"3761","1983","97","0.51151","0.40733","0.50","98","40","78","181","1.84"
"3762","1983","98","0.53701","0.42334","0.50","58","25","46","103","1.77"
"3763","1983","99","0.56232","0.43891","0.50","34","15","26","57","1.70"
"3764","1983","100","0.58730","0.45399","0.50","19","9","15","31","1.63"
"3765","1983","101","0.61185","0.46852","0.50","10","5","8","16","1.57"
"3766","1983","102","0.63584","0.48246","0.50","5","3","4","8","1.52"
"3767","1983","103","0.65917","0.49577","0.50","3","1","2","4","1.47"
"3768","1983","104","0.68176","0.50844","0.50","1","1","1","2","1.43"
"3769","1983","105","0.70352","0.52045","0.50","1","0","1","1","1.39"
"3770","1983","106","0.72440","0.53179","0.50","0","0","0","0","1.35"
"3771","1983","107","0.74434","0.54245","0.50","0","0","0","0","1.32"
"3772","1983","108","0.76331","0.55246","0.50","0","0","0","0","1.29"
"3773","1983","109","0.78128","0.56182","0.50","0","0","0","0","1.27"
"3774","1983","110+","0.79826","1.00000","1.25","0","0","0","0","1.25"
"3775","1984","0","0.01635","0.01612","0.12","100000","1612","98576","6733518","67.34"
"3776","1984","1","0.00085","0.00085","0.50","98388","84","98346","6634942","67.44"
"3777","1984","2","0.00047","0.00047","0.50","98304","46","98281","6536596","66.49"
"3778","1984","3","0.00044","0.00044","0.50","98257","43","98236","6438316","65.52"
"3779","1984","4","0.00039","0.00039","0.50","98214","38","98195","6340080","64.55"
"3780","1984","5","0.00047","0.00047","0.50","98176","46","98153","6241885","63.58"
"3781","1984","6","0.00043","0.00043","0.50","98130","42","98109","6143732","62.61"
"3782","1984","7","0.00042","0.00042","0.50","98088","42","98067","6045623","61.63"
"3783","1984","8","0.00032","0.00032","0.50","98046","31","98030","5947556","60.66"
"3784","1984","9","0.00024","0.00024","0.50","98015","24","98003","5849526","59.68"
"3785","1984","10","0.00021","0.00021","0.50","97991","21","97981","5751523","58.69"
"3786","1984","11","0.00022","0.00022","0.50","97971","21","97960","5653542","57.71"
"3787","1984","12","0.00025","0.00025","0.50","97949","25","97937","5555582","56.72"
"3788","1984","13","0.00032","0.00032","0.50","97924","31","97909","5457645","55.73"
"3789","1984","14","0.00035","0.00035","0.50","97894","34","97877","5359736","54.75"
"3790","1984","15","0.00051","0.00051","0.50","97860","50","97835","5261859","53.77"
"3791","1984","16","0.00076","0.00076","0.50","97810","74","97772","5164024","52.80"
"3792","1984","17","0.00084","0.00084","0.50","97735","82","97694","5066252","51.84"
"3793","1984","18","0.00084","0.00084","0.50","97653","82","97612","4968557","50.88"
"3794","1984","19","0.00106","0.00106","0.50","97571","104","97520","4870945","49.92"
"3795","1984","20","0.00089","0.00089","0.50","97468","86","97425","4773425","48.97"
"3796","1984","21","0.00115","0.00115","0.50","97381","112","97325","4676001","48.02"
"3797","1984","22","0.00108","0.00108","0.50","97269","105","97217","4578676","47.07"
"3798","1984","23","0.00108","0.00107","0.50","97164","104","97112","4481459","46.12"
"3799","1984","24","0.00103","0.00103","0.50","97060","100","97010","4384347","45.17"
"3800","1984","25","0.00101","0.00101","0.50","96960","98","96911","4287337","44.22"
"3801","1984","26","0.00124","0.00124","0.50","96862","121","96802","4190426","43.26"
"3802","1984","27","0.00130","0.00130","0.50","96742","126","96679","4093624","42.32"
"3803","1984","28","0.00122","0.00122","0.50","96616","118","96557","3996946","41.37"
"3804","1984","29","0.00123","0.00123","0.50","96498","119","96438","3900389","40.42"
"3805","1984","30","0.00155","0.00155","0.50","96379","149","96304","3803951","39.47"
"3806","1984","31","0.00170","0.00170","0.50","96230","163","96148","3707646","38.53"
"3807","1984","32","0.00155","0.00155","0.50","96066","148","95992","3611499","37.59"
"3808","1984","33","0.00165","0.00165","0.50","95918","158","95838","3515507","36.65"
"3809","1984","34","0.00205","0.00204","0.50","95759","196","95661","3419668","35.71"
"3810","1984","35","0.00191","0.00191","0.50","95563","182","95472","3324007","34.78"
"3811","1984","36","0.00249","0.00249","0.50","95381","237","95262","3228535","33.85"
"3812","1984","37","0.00252","0.00252","0.50","95144","239","95024","3133272","32.93"
"3813","1984","38","0.00309","0.00308","0.50","94904","292","94758","3038248","32.01"
"3814","1984","39","0.00322","0.00322","0.50","94612","305","94460","2943490","31.11"
"3815","1984","40","0.00346","0.00345","0.50","94307","326","94145","2849031","30.21"
"3816","1984","41","0.00376","0.00375","0.50","93982","353","93805","2754886","29.31"
"3817","1984","42","0.00401","0.00400","0.50","93629","375","93442","2661080","28.42"
"3818","1984","43","0.00454","0.00453","0.50","93254","422","93043","2567639","27.53"
"3819","1984","44","0.00508","0.00507","0.50","92832","470","92597","2474595","26.66"
"3820","1984","45","0.00546","0.00545","0.50","92362","503","92110","2381998","25.79"
"3821","1984","46","0.00723","0.00720","0.50","91859","662","91528","2289888","24.93"
"3822","1984","47","0.00763","0.00761","0.50","91197","694","90850","2198360","24.11"
"3823","1984","48","0.00762","0.00759","0.50","90504","687","90160","2107509","23.29"
"3824","1984","49","0.00945","0.00940","0.50","89816","844","89394","2017349","22.46"
"3825","1984","50","0.00994","0.00989","0.50","88972","880","88532","1927955","21.67"
"3826","1984","51","0.01117","0.01110","0.50","88092","978","87603","1839423","20.88"
"3827","1984","52","0.01175","0.01168","0.50","87114","1018","86605","1751820","20.11"
"3828","1984","53","0.01244","0.01236","0.50","86096","1064","85564","1665215","19.34"
"3829","1984","54","0.01543","0.01531","0.50","85032","1302","84381","1579652","18.58"
"3830","1984","55","0.01550","0.01539","0.50","83730","1288","83086","1495271","17.86"
"3831","1984","56","0.01702","0.01688","0.50","82442","1392","81746","1412185","17.13"
"3832","1984","57","0.01912","0.01894","0.50","81050","1535","80283","1330439","16.42"
"3833","1984","58","0.02193","0.02169","0.50","79515","1725","78653","1250156","15.72"
"3834","1984","59","0.02522","0.02490","0.50","77790","1937","76822","1171503","15.06"
"3835","1984","60","0.02623","0.02589","0.50","75853","1964","74871","1094682","14.43"
"3836","1984","61","0.02876","0.02835","0.50","73889","2095","72842","1019811","13.80"
"3837","1984","62","0.03181","0.03131","0.50","71794","2248","70670","946969","13.19"
"3838","1984","63","0.03381","0.03325","0.50","69547","2312","68391","876298","12.60"
"3839","1984","64","0.03813","0.03742","0.50","67234","2516","65976","807908","12.02"
"3840","1984","65","0.04006","0.03927","0.50","64718","2542","63448","741931","11.46"
"3841","1984","66","0.03958","0.03881","0.50","62177","2413","60970","678484","10.91"
"3842","1984","67","0.04696","0.04588","0.50","59764","2742","58393","617513","10.33"
"3843","1984","68","0.04776","0.04665","0.50","57022","2660","55692","559121","9.81"
"3844","1984","69","0.05741","0.05580","0.50","54362","3034","52845","503429","9.26"
"3845","1984","70","0.06223","0.06036","0.50","51328","3098","49779","450585","8.78"
"3846","1984","71","0.06586","0.06376","0.50","48230","3075","46693","400805","8.31"
"3847","1984","72","0.07262","0.07007","0.50","45155","3164","43573","354113","7.84"
"3848","1984","73","0.08033","0.07723","0.50","41991","3243","40369","310540","7.40"
"3849","1984","74","0.08760","0.08393","0.50","38748","3252","37122","270171","6.97"
"3850","1984","75","0.09558","0.09122","0.50","35496","3238","33877","233049","6.57"
"3851","1984","76","0.10895","0.10332","0.50","32258","3333","30592","199172","6.17"
"3852","1984","77","0.11567","0.10935","0.50","28925","3163","27344","168580","5.83"
"3853","1984","78","0.12168","0.11470","0.50","25762","2955","24285","141237","5.48"
"3854","1984","79","0.13982","0.13069","0.50","22807","2981","21317","116952","5.13"
"3855","1984","80","0.15020","0.13970","0.50","19827","2770","18442","95635","4.82"
"3856","1984","81","0.16484","0.15229","0.50","17057","2598","15758","77193","4.53"
"3857","1984","82","0.18272","0.16743","0.50","14459","2421","13249","61435","4.25"
"3858","1984","83","0.20361","0.18479","0.50","12038","2225","10926","48186","4.00"
"3859","1984","84","0.20986","0.18993","0.50","9814","1864","8882","37260","3.80"
"3860","1984","85","0.22468","0.20199","0.50","7950","1606","7147","28379","3.57"
"3861","1984","86","0.24377","0.21729","0.50","6344","1378","5655","21232","3.35"
"3862","1984","87","0.27026","0.23809","0.50","4966","1182","4374","15577","3.14"
"3863","1984","88","0.27820","0.24423","0.50","3783","924","3321","11202","2.96"
"3864","1984","89","0.30651","0.26578","0.50","2859","760","2479","7881","2.76"
"3865","1984","90","0.32763","0.28151","0.50","2099","591","1804","5402","2.57"
"3866","1984","91","0.33367","0.28596","0.50","1508","431","1293","3598","2.39"
"3867","1984","92","0.44058","0.36104","0.50","1077","389","883","2305","2.14"
"3868","1984","93","0.50846","0.40540","0.50","688","279","549","1422","2.07"
"3869","1984","94","0.43089","0.35451","0.50","409","145","337","874","2.14"
"3870","1984","95","0.45634","0.37156","0.50","264","98","215","537","2.03"
"3871","1984","96","0.48202","0.38841","0.50","166","64","134","322","1.94"
"3872","1984","97","0.50780","0.40498","0.50","102","41","81","188","1.85"
"3873","1984","98","0.53353","0.42118","0.50","60","25","48","107","1.78"
"3874","1984","99","0.55909","0.43695","0.50","35","15","27","60","1.70"
"3875","1984","100","0.58434","0.45222","0.50","20","9","15","32","1.64"
"3876","1984","101","0.60916","0.46694","0.50","11","5","8","17","1.58"
"3877","1984","102","0.63342","0.48106","0.50","6","3","4","9","1.53"
"3878","1984","103","0.65702","0.49456","0.50","3","1","2","4","1.48"
"3879","1984","104","0.67988","0.50739","0.50","2","1","1","2","1.43"
"3880","1984","105","0.70190","0.51956","0.50","1","0","1","1","1.39"
"3881","1984","106","0.72302","0.53104","0.50","0","0","0","0","1.35"
"3882","1984","107","0.74319","0.54185","0.50","0","0","0","0","1.32"
"3883","1984","108","0.76238","0.55197","0.50","0","0","0","0","1.29"
"3884","1984","109","0.78056","0.56144","0.50","0","0","0","0","1.27"
"3885","1984","110+","0.79771","1.00000","1.25","0","0","0","0","1.25"
"3886","1985","0","0.01405","0.01388","0.12","100000","1388","98780","6749436","67.49"
"3887","1985","1","0.00085","0.00085","0.50","98612","84","98570","6650655","67.44"
"3888","1985","2","0.00044","0.00044","0.50","98528","44","98507","6552085","66.50"
"3889","1985","3","0.00036","0.00036","0.50","98485","36","98467","6453579","65.53"
"3890","1985","4","0.00037","0.00037","0.50","98449","37","98431","6355112","64.55"
"3891","1985","5","0.00034","0.00034","0.50","98412","34","98396","6256681","63.58"
"3892","1985","6","0.00038","0.00038","0.50","98379","37","98360","6158285","62.60"
"3893","1985","7","0.00031","0.00031","0.50","98342","31","98326","6059925","61.62"
"3894","1985","8","0.00024","0.00024","0.50","98311","23","98299","5961599","60.64"
"3895","1985","9","0.00032","0.00032","0.50","98288","31","98272","5863299","59.65"
"3896","1985","10","0.00039","0.00039","0.50","98256","38","98237","5765027","58.67"
"3897","1985","11","0.00032","0.00032","0.50","98218","31","98203","5666790","57.70"
"3898","1985","12","0.00044","0.00044","0.50","98188","43","98166","5568587","56.71"
"3899","1985","13","0.00032","0.00032","0.50","98145","31","98129","5470420","55.74"
"3900","1985","14","0.00037","0.00037","0.50","98113","36","98095","5372291","54.76"
"3901","1985","15","0.00061","0.00061","0.50","98077","60","98047","5274196","53.78"
"3902","1985","16","0.00049","0.00049","0.50","98018","48","97994","5176149","52.81"
"3903","1985","17","0.00077","0.00077","0.50","97970","76","97932","5078155","51.83"
"3904","1985","18","0.00120","0.00120","0.50","97894","117","97836","4980223","50.87"
"3905","1985","19","0.00111","0.00111","0.50","97777","109","97723","4882387","49.93"
"3906","1985","20","0.00104","0.00104","0.50","97668","101","97618","4784665","48.99"
"3907","1985","21","0.00099","0.00099","0.50","97567","97","97518","4687047","48.04"
"3908","1985","22","0.00102","0.00102","0.50","97470","99","97420","4589529","47.09"
"3909","1985","23","0.00122","0.00122","0.50","97371","119","97311","4492108","46.13"
"3910","1985","24","0.00147","0.00146","0.50","97252","142","97181","4394797","45.19"
"3911","1985","25","0.00139","0.00139","0.50","97109","135","97042","4297616","44.26"
"3912","1985","26","0.00109","0.00109","0.50","96974","105","96922","4200574","43.32"
"3913","1985","27","0.00130","0.00130","0.50","96869","126","96806","4103653","42.36"
"3914","1985","28","0.00111","0.00111","0.50","96743","107","96690","4006846","41.42"
"3915","1985","29","0.00148","0.00148","0.50","96636","143","96565","3910157","40.46"
"3916","1985","30","0.00145","0.00145","0.50","96493","139","96423","3813592","39.52"
"3917","1985","31","0.00135","0.00134","0.50","96354","130","96289","3717169","38.58"
"3918","1985","32","0.00168","0.00168","0.50","96224","162","96143","3620880","37.63"
"3919","1985","33","0.00183","0.00183","0.50","96062","176","95974","3524737","36.69"
"3920","1985","34","0.00203","0.00203","0.50","95887","194","95789","3428762","35.76"
"3921","1985","35","0.00208","0.00207","0.50","95692","198","95593","3332973","34.83"
"3922","1985","36","0.00242","0.00241","0.50","95494","231","95378","3237380","33.90"
"3923","1985","37","0.00247","0.00246","0.50","95263","235","95146","3142002","32.98"
"3924","1985","38","0.00280","0.00279","0.50","95028","266","94896","3046856","32.06"
"3925","1985","39","0.00276","0.00275","0.50","94763","261","94632","2951960","31.15"
"3926","1985","40","0.00383","0.00382","0.50","94502","361","94321","2857328","30.24"
"3927","1985","41","0.00421","0.00420","0.50","94141","395","93943","2763007","29.35"
"3928","1985","42","0.00413","0.00412","0.50","93745","387","93552","2669064","28.47"
"3929","1985","43","0.00484","0.00483","0.50","93359","451","93133","2575512","27.59"
"3930","1985","44","0.00518","0.00516","0.50","92908","480","92668","2482378","26.72"
"3931","1985","45","0.00597","0.00595","0.50","92428","550","92153","2389710","25.85"
"3932","1985","46","0.00637","0.00635","0.50","91878","584","91586","2297557","25.01"
"3933","1985","47","0.00756","0.00753","0.50","91294","687","90950","2205971","24.16"
"3934","1985","48","0.00789","0.00785","0.50","90607","712","90251","2115021","23.34"
"3935","1985","49","0.00871","0.00867","0.50","89895","780","89505","2024770","22.52"
"3936","1985","50","0.00940","0.00936","0.50","89115","834","88698","1935265","21.72"
"3937","1985","51","0.01153","0.01146","0.50","88281","1012","87775","1846567","20.92"
"3938","1985","52","0.01116","0.01110","0.50","87269","968","86785","1758791","20.15"
"3939","1985","53","0.01355","0.01345","0.50","86301","1161","85720","1672006","19.37"
"3940","1985","54","0.01392","0.01383","0.50","85140","1177","84551","1586286","18.63"
"3941","1985","55","0.01535","0.01524","0.50","83962","1279","83323","1501735","17.89"
"3942","1985","56","0.01720","0.01706","0.50","82683","1410","81978","1418413","17.15"
"3943","1985","57","0.01978","0.01959","0.50","81273","1592","80476","1336435","16.44"
"3944","1985","58","0.02062","0.02041","0.50","79680","1626","78867","1255958","15.76"
"3945","1985","59","0.02389","0.02361","0.50","78054","1843","77132","1177091","15.08"
"3946","1985","60","0.02514","0.02483","0.50","76211","1892","75265","1099959","14.43"
"3947","1985","61","0.03003","0.02959","0.50","74318","2199","73219","1024694","13.79"
"3948","1985","62","0.03135","0.03086","0.50","72120","2226","71007","951475","13.19"
"3949","1985","63","0.03619","0.03555","0.50","69894","2485","68652","880468","12.60"
"3950","1985","64","0.03778","0.03708","0.50","67409","2500","66159","811816","12.04"
"3951","1985","65","0.04168","0.04083","0.50","64910","2650","63585","745657","11.49"
"3952","1985","66","0.04359","0.04266","0.50","62260","2656","60932","682072","10.96"
"3953","1985","67","0.04234","0.04146","0.50","59604","2471","58368","621141","10.42"
"3954","1985","68","0.04884","0.04768","0.50","57132","2724","55770","562773","9.85"
"3955","1985","69","0.05176","0.05046","0.50","54408","2745","53036","507003","9.32"
"3956","1985","70","0.06419","0.06220","0.50","51663","3213","50056","453967","8.79"
"3957","1985","71","0.06674","0.06459","0.50","48450","3129","46885","403911","8.34"
"3958","1985","72","0.07085","0.06843","0.50","45321","3101","43770","357026","7.88"
"3959","1985","73","0.08193","0.07870","0.50","42219","3323","40558","313256","7.42"
"3960","1985","74","0.08634","0.08277","0.50","38897","3219","37287","272698","7.01"
"3961","1985","75","0.09213","0.08807","0.50","35677","3142","34106","235411","6.60"
"3962","1985","76","0.10572","0.10041","0.50","32535","3267","30902","201305","6.19"
"3963","1985","77","0.11202","0.10608","0.50","29268","3105","27716","170403","5.82"
"3964","1985","78","0.13132","0.12323","0.50","26163","3224","24551","142687","5.45"
"3965","1985","79","0.14074","0.13149","0.50","22939","3016","21431","118136","5.15"
"3966","1985","80","0.15565","0.14441","0.50","19923","2877","18484","96705","4.85"
"3967","1985","81","0.16156","0.14949","0.50","17046","2548","15772","78220","4.59"
"3968","1985","82","0.17734","0.16289","0.50","14498","2362","13317","62449","4.31"
"3969","1985","83","0.19424","0.17704","0.50","12136","2149","11062","49132","4.05"
"3970","1985","84","0.20698","0.18757","0.50","9987","1873","9051","38070","3.81"
"3971","1985","85","0.24069","0.21483","0.50","8114","1743","7243","29019","3.58"
"3972","1985","86","0.25369","0.22513","0.50","6371","1434","5654","21776","3.42"
"3973","1985","87","0.25072","0.22279","0.50","4937","1100","4387","16123","3.27"
"3974","1985","88","0.27474","0.24156","0.50","3837","927","3373","11736","3.06"
"3975","1985","89","0.31990","0.27578","0.50","2910","803","2509","8363","2.87"
"3976","1985","90","0.31257","0.27032","0.50","2107","570","1823","5854","2.78"
"3977","1985","91","0.33110","0.28407","0.50","1538","437","1319","4031","2.62"
"3978","1985","92","0.37759","0.31762","0.50","1101","350","926","2712","2.46"
"3979","1985","93","0.35757","0.30334","0.50","751","228","637","1786","2.38"
"3980","1985","94","0.41855","0.34612","0.50","523","181","433","1148","2.19"
"3981","1985","95","0.44288","0.36259","0.50","342","124","280","716","2.09"
"3982","1985","96","0.46749","0.37892","0.50","218","83","177","435","2.00"
"3983","1985","97","0.49226","0.39503","0.50","135","54","109","259","1.91"
"3984","1985","98","0.51706","0.41085","0.50","82","34","65","150","1.83"
"3985","1985","99","0.54178","0.42630","0.50","48","21","38","85","1.76"
"3986","1985","100","0.56630","0.44134","0.50","28","12","22","47","1.69"
"3987","1985","101","0.59050","0.45589","0.50","15","7","12","25","1.63"
"3988","1985","102","0.61426","0.46993","0.50","8","4","6","13","1.57"
"3989","1985","103","0.63750","0.48341","0.50","4","2","3","7","1.52"
"3990","1985","104","0.66011","0.49630","0.50","2","1","2","3","1.47"
"3991","1985","105","0.68201","0.50858","0.50","1","1","1","2","1.43"
"3992","1985","106","0.70313","0.52024","0.50","1","0","0","1","1.39"
"3993","1985","107","0.72342","0.53126","0.50","0","0","0","0","1.36"
"3994","1985","108","0.74284","0.54166","0.50","0","0","0","0","1.33"
"3995","1985","109","0.76133","0.55142","0.50","0","0","0","0","1.30"
"3996","1985","110+","0.77890","1.00000","1.28","0","0","0","0","1.28"
"3997","1986","0","0.01409","0.01392","0.12","100000","1392","98777","6748381","67.48"
"3998","1986","1","0.00090","0.00090","0.50","98608","89","98564","6649604","67.43"
"3999","1986","2","0.00062","0.00062","0.50","98519","61","98489","6551040","66.50"
"4000","1986","3","0.00043","0.00043","0.50","98458","42","98437","6452552","65.54"
"4001","1986","4","0.00049","0.00049","0.50","98416","48","98392","6354115","64.56"
"4002","1986","5","0.00031","0.00031","0.50","98368","30","98353","6255723","63.60"
"4003","1986","6","0.00040","0.00040","0.50","98338","40","98318","6157370","62.61"
"4004","1986","7","0.00041","0.00041","0.50","98298","40","98278","6059052","61.64"
"4005","1986","8","0.00033","0.00033","0.50","98258","33","98241","5960774","60.66"
"4006","1986","9","0.00040","0.00040","0.50","98225","40","98205","5862533","59.68"
"4007","1986","10","0.00022","0.00022","0.50","98185","22","98174","5764328","58.71"
"4008","1986","11","0.00032","0.00032","0.50","98164","32","98148","5666153","57.72"
"4009","1986","12","0.00022","0.00022","0.50","98132","22","98121","5568005","56.74"
"4010","1986","13","0.00024","0.00024","0.50","98110","24","98098","5469884","55.75"
"4011","1986","14","0.00043","0.00043","0.50","98086","42","98065","5371786","54.77"
"4012","1986","15","0.00045","0.00045","0.50","98044","44","98022","5273721","53.79"
"4013","1986","16","0.00072","0.00072","0.50","98000","71","97965","5175699","52.81"
"4014","1986","17","0.00091","0.00091","0.50","97930","90","97885","5077734","51.85"
"4015","1986","18","0.00120","0.00120","0.50","97840","117","97781","4979849","50.90"
"4016","1986","19","0.00094","0.00094","0.50","97723","92","97677","4882068","49.96"
"4017","1986","20","0.00103","0.00103","0.50","97631","100","97581","4784391","49.00"
"4018","1986","21","0.00108","0.00108","0.50","97531","105","97478","4686810","48.05"
"4019","1986","22","0.00129","0.00128","0.50","97426","125","97363","4589332","47.11"
"4020","1986","23","0.00111","0.00111","0.50","97300","108","97247","4491969","46.17"
"4021","1986","24","0.00115","0.00115","0.50","97193","111","97137","4394722","45.22"
"4022","1986","25","0.00103","0.00103","0.50","97081","100","97031","4297585","44.27"
"4023","1986","26","0.00131","0.00131","0.50","96981","127","96918","4200554","43.31"
"4024","1986","27","0.00123","0.00123","0.50","96854","119","96795","4103636","42.37"
"4025","1986","28","0.00147","0.00147","0.50","96735","142","96664","4006841","41.42"
"4026","1986","29","0.00142","0.00142","0.50","96593","137","96525","3910177","40.48"
"4027","1986","30","0.00146","0.00146","0.50","96456","141","96386","3813652","39.54"
"4028","1986","31","0.00128","0.00128","0.50","96316","123","96254","3717266","38.59"
"4029","1986","32","0.00146","0.00146","0.50","96193","140","96123","3621012","37.64"
"4030","1986","33","0.00146","0.00146","0.50","96052","140","95983","3524889","36.70"
"4031","1986","34","0.00195","0.00194","0.50","95913","186","95819","3428907","35.75"
"4032","1986","35","0.00197","0.00196","0.50","95726","188","95632","3333087","34.82"
"4033","1986","36","0.00212","0.00212","0.50","95538","202","95437","3237455","33.89"
"4034","1986","37","0.00234","0.00234","0.50","95336","223","95225","3142018","32.96"
"4035","1986","38","0.00262","0.00262","0.50","95113","249","94989","3046793","32.03"
"4036","1986","39","0.00341","0.00340","0.50","94864","323","94703","2951805","31.12"
"4037","1986","40","0.00339","0.00338","0.50","94541","320","94382","2857102","30.22"
"4038","1986","41","0.00376","0.00375","0.50","94222","353","94045","2762721","29.32"
"4039","1986","42","0.00473","0.00472","0.50","93868","443","93647","2668676","28.43"
"4040","1986","43","0.00475","0.00473","0.50","93425","442","93204","2575029","27.56"
"4041","1986","44","0.00488","0.00487","0.50","92983","452","92757","2481825","26.69"
"4042","1986","45","0.00609","0.00607","0.50","92530","562","92249","2389068","25.82"
"4043","1986","46","0.00603","0.00601","0.50","91968","553","91692","2296819","24.97"
"4044","1986","47","0.00700","0.00697","0.50","91416","638","91097","2205127","24.12"
"4045","1986","48","0.00775","0.00772","0.50","90778","701","90428","2114030","23.29"
"4046","1986","49","0.00898","0.00894","0.50","90077","805","89674","2023603","22.47"
"4047","1986","50","0.00972","0.00968","0.50","89272","864","88840","1933928","21.66"
"4048","1986","51","0.01093","0.01088","0.50","88408","961","87927","1845088","20.87"
"4049","1986","52","0.01133","0.01127","0.50","87447","985","86954","1757161","20.09"
"4050","1986","53","0.01323","0.01314","0.50","86462","1136","85893","1670207","19.32"
"4051","1986","54","0.01462","0.01451","0.50","85325","1238","84706","1584313","18.57"
"4052","1986","55","0.01642","0.01629","0.50","84087","1370","83402","1499607","17.83"
"4053","1986","56","0.01833","0.01816","0.50","82717","1502","81966","1416205","17.12"
"4054","1986","57","0.02021","0.02001","0.50","81215","1625","80402","1334239","16.43"
"4055","1986","58","0.02118","0.02096","0.50","79590","1668","78756","1253837","15.75"
"4056","1986","59","0.02225","0.02201","0.50","77922","1715","77065","1175081","15.08"
"4057","1986","60","0.02769","0.02731","0.50","76207","2081","75166","1098016","14.41"
"4058","1986","61","0.02820","0.02781","0.50","74126","2061","73095","1022850","13.80"
"4059","1986","62","0.03129","0.03081","0.50","72064","2220","70954","949755","13.18"
"4060","1986","63","0.03497","0.03437","0.50","69844","2401","68644","878800","12.58"
"4061","1986","64","0.03652","0.03586","0.50","67443","2419","66234","810157","12.01"
"4062","1986","65","0.04321","0.04229","0.50","65025","2750","63650","743922","11.44"
"4063","1986","66","0.04468","0.04370","0.50","62275","2722","60914","680273","10.92"
"4064","1986","67","0.04772","0.04661","0.50","59553","2775","58165","619359","10.40"
"4065","1986","68","0.04717","0.04609","0.50","56778","2617","55469","561193","9.88"
"4066","1986","69","0.05668","0.05512","0.50","54161","2985","52668","505724","9.34"
"4067","1986","70","0.05464","0.05319","0.50","51176","2722","49815","453056","8.85"
"4068","1986","71","0.06892","0.06662","0.50","48454","3228","46840","403241","8.32"
"4069","1986","72","0.07078","0.06837","0.50","45226","3092","43680","356401","7.88"
"4070","1986","73","0.07754","0.07465","0.50","42134","3145","40561","312722","7.42"
"4071","1986","74","0.08809","0.08437","0.50","38988","3289","37344","272161","6.98"
"4072","1986","75","0.09893","0.09427","0.50","35699","3365","34016","234817","6.58"
"4073","1986","76","0.10472","0.09951","0.50","32334","3218","30725","200801","6.21"
"4074","1986","77","0.11195","0.10602","0.50","29116","3087","27573","170076","5.84"
"4075","1986","78","0.12437","0.11709","0.50","26029","3048","24505","142503","5.47"
"4076","1986","79","0.13707","0.12828","0.50","22982","2948","21508","117998","5.13"
"4077","1986","80","0.14276","0.13325","0.50","20034","2670","18699","96490","4.82"
"4078","1986","81","0.16524","0.15263","0.50","17364","2650","16039","77792","4.48"
"4079","1986","82","0.18309","0.16773","0.50","14714","2468","13480","61753","4.20"
"4080","1986","83","0.20247","0.18386","0.50","12246","2251","11120","48273","3.94"
"4081","1986","84","0.22392","0.20137","0.50","9994","2013","8988","37153","3.72"
"4082","1986","85","0.23190","0.20780","0.50","7982","1659","7152","28165","3.53"
"4083","1986","86","0.25744","0.22808","0.50","6323","1442","5602","21012","3.32"
"4084","1986","87","0.26913","0.23721","0.50","4881","1158","4302","15410","3.16"
"4085","1986","88","0.28387","0.24858","0.50","3723","926","3260","11108","2.98"
"4086","1986","89","0.28929","0.25274","0.50","2798","707","2444","7848","2.81"
"4087","1986","90","0.35513","0.30158","0.50","2091","630","1775","5404","2.58"
"4088","1986","91","0.35742","0.30323","0.50","1460","443","1239","3628","2.49"
"4089","1986","92","0.37521","0.31594","0.50","1017","321","857","2390","2.35"
"4090","1986","93","0.40811","0.33894","0.50","696","236","578","1533","2.20"
"4091","1986","94","0.44387","0.36325","0.50","460","167","376","955","2.08"
"4092","1986","95","0.47061","0.38097","0.50","293","112","237","579","1.98"
"4093","1986","96","0.49752","0.39841","0.50","181","72","145","341","1.88"
"4094","1986","97","0.52444","0.41549","0.50","109","45","86","196","1.80"
"4095","1986","98","0.55122","0.43212","0.50","64","28","50","110","1.72"
"4096","1986","99","0.57771","0.44823","0.50","36","16","28","60","1.65"
"4097","1986","100","0.60375","0.46376","0.50","20","9","15","32","1.59"
"4098","1986","101","0.62922","0.47864","0.50","11","5","8","16","1.53"
"4099","1986","102","0.65400","0.49284","0.50","6","3","4","8","1.48"
"4100","1986","103","0.67796","0.50633","0.50","3","1","2","4","1.43"
"4101","1986","104","0.70102","0.51908","0.50","1","1","1","2","1.39"
"4102","1986","105","0.72311","0.53109","0.50","1","0","0","1","1.35"
"4103","1986","106","0.74416","0.54236","0.50","0","0","0","0","1.32"
"4104","1986","107","0.76413","0.55289","0.50","0","0","0","0","1.29"
"4105","1986","108","0.78300","0.56270","0.50","0","0","0","0","1.26"
"4106","1986","109","0.80075","0.57181","0.50","0","0","0","0","1.24"
"4107","1986","110+","0.81739","1.00000","1.22","0","0","0","0","1.22"
"4108","1987","0","0.01368","0.01352","0.12","100000","1352","98813","6786318","67.86"
"4109","1987","1","0.00083","0.00083","0.50","98648","81","98607","6687505","67.79"
"4110","1987","2","0.00037","0.00036","0.50","98567","36","98549","6588898","66.85"
"4111","1987","3","0.00039","0.00039","0.50","98531","38","98511","6490349","65.87"
"4112","1987","4","0.00050","0.00050","0.50","98492","49","98468","6391838","64.90"
"4113","1987","5","0.00031","0.00031","0.50","98443","30","98428","6293370","63.93"
"4114","1987","6","0.00042","0.00042","0.50","98413","41","98392","6194942","62.95"
"4115","1987","7","0.00035","0.00035","0.50","98372","35","98354","6096550","61.97"
"4116","1987","8","0.00025","0.00025","0.50","98337","25","98325","5998196","61.00"
"4117","1987","9","0.00037","0.00037","0.50","98312","36","98294","5899871","60.01"
"4118","1987","10","0.00031","0.00031","0.50","98276","30","98261","5801577","59.03"
"4119","1987","11","0.00033","0.00033","0.50","98246","32","98230","5703315","58.05"
"4120","1987","12","0.00028","0.00028","0.50","98214","28","98200","5605085","57.07"
"4121","1987","13","0.00031","0.00031","0.50","98186","30","98171","5506885","56.09"
"4122","1987","14","0.00036","0.00036","0.50","98156","35","98139","5408714","55.10"
"4123","1987","15","0.00034","0.00034","0.50","98121","34","98104","5310575","54.12"
"4124","1987","16","0.00066","0.00066","0.50","98088","65","98055","5212470","53.14"
"4125","1987","17","0.00089","0.00089","0.50","98023","87","97980","5114415","52.18"
"4126","1987","18","0.00110","0.00110","0.50","97936","108","97882","5016436","51.22"
"4127","1987","19","0.00121","0.00121","0.50","97828","119","97769","4918554","50.28"
"4128","1987","20","0.00090","0.00090","0.50","97709","88","97666","4820785","49.34"
"4129","1987","21","0.00111","0.00111","0.50","97622","109","97568","4723119","48.38"
"4130","1987","22","0.00107","0.00107","0.50","97513","104","97461","4625551","47.44"
"4131","1987","23","0.00111","0.00111","0.50","97409","108","97355","4528090","46.49"
"4132","1987","24","0.00127","0.00127","0.50","97301","123","97239","4430735","45.54"
"4133","1987","25","0.00113","0.00113","0.50","97177","110","97122","4333496","44.59"
"4134","1987","26","0.00116","0.00115","0.50","97067","112","97011","4236374","43.64"
"4135","1987","27","0.00099","0.00099","0.50","96955","96","96907","4139362","42.69"
"4136","1987","28","0.00141","0.00141","0.50","96860","137","96791","4042455","41.74"
"4137","1987","29","0.00129","0.00129","0.50","96723","125","96660","3945664","40.79"
"4138","1987","30","0.00140","0.00140","0.50","96598","135","96530","3849004","39.85"
"4139","1987","31","0.00161","0.00161","0.50","96463","156","96385","3752473","38.90"
"4140","1987","32","0.00139","0.00139","0.50","96307","134","96240","3656088","37.96"
"4141","1987","33","0.00171","0.00171","0.50","96173","164","96091","3559848","37.01"
"4142","1987","34","0.00152","0.00152","0.50","96009","146","95936","3463757","36.08"
"4143","1987","35","0.00166","0.00165","0.50","95863","159","95784","3367821","35.13"
"4144","1987","36","0.00237","0.00237","0.50","95704","227","95591","3272037","34.19"
"4145","1987","37","0.00223","0.00223","0.50","95478","213","95371","3176446","33.27"
"4146","1987","38","0.00274","0.00273","0.50","95265","260","95135","3081075","32.34"
"4147","1987","39","0.00313","0.00313","0.50","95005","297","94856","2985940","31.43"
"4148","1987","40","0.00344","0.00343","0.50","94708","325","94545","2891084","30.53"
"4149","1987","41","0.00397","0.00397","0.50","94382","374","94195","2796539","29.63"
"4150","1987","42","0.00459","0.00458","0.50","94008","431","93793","2702344","28.75"
"4151","1987","43","0.00446","0.00445","0.50","93577","416","93369","2608551","27.88"
"4152","1987","44","0.00488","0.00487","0.50","93161","454","92934","2515182","27.00"
"4153","1987","45","0.00561","0.00560","0.50","92707","519","92448","2422248","26.13"
"4154","1987","46","0.00640","0.00638","0.50","92188","588","91895","2329800","25.27"
"4155","1987","47","0.00728","0.00725","0.50","91601","664","91269","2237905","24.43"
"4156","1987","48","0.00762","0.00759","0.50","90936","690","90591","2146637","23.61"
"4157","1987","49","0.00880","0.00876","0.50","90246","791","89851","2056045","22.78"
"4158","1987","50","0.00920","0.00915","0.50","89456","819","89046","1966194","21.98"
"4159","1987","51","0.01177","0.01170","0.50","88637","1037","88118","1877148","21.18"
"4160","1987","52","0.01097","0.01091","0.50","87599","956","87122","1789030","20.42"
"4161","1987","53","0.01295","0.01286","0.50","86644","1114","86086","1701908","19.64"
"4162","1987","54","0.01413","0.01403","0.50","85529","1200","84929","1615822","18.89"
"4163","1987","55","0.01480","0.01469","0.50","84330","1239","83710","1530892","18.15"
"4164","1987","56","0.01768","0.01752","0.50","83091","1456","82363","1447182","17.42"
"4165","1987","57","0.01850","0.01833","0.50","81635","1496","80887","1364819","16.72"
"4166","1987","58","0.02030","0.02009","0.50","80139","1610","79334","1283932","16.02"
"4167","1987","59","0.02316","0.02289","0.50","78529","1798","77630","1204599","15.34"
"4168","1987","60","0.02495","0.02464","0.50","76731","1891","75785","1126969","14.69"
"4169","1987","61","0.02760","0.02722","0.50","74840","2037","73821","1051184","14.05"
"4170","1987","62","0.03169","0.03120","0.50","72803","2271","71667","977363","13.42"
"4171","1987","63","0.03405","0.03348","0.50","70531","2361","69351","905696","12.84"
"4172","1987","64","0.03605","0.03541","0.50","68170","2414","66963","836345","12.27"
"4173","1987","65","0.03896","0.03821","0.50","65756","2513","64500","769382","11.70"
"4174","1987","66","0.04279","0.04189","0.50","63243","2649","61919","704882","11.15"
"4175","1987","67","0.04715","0.04607","0.50","60594","2791","59198","642964","10.61"
"4176","1987","68","0.05271","0.05135","0.50","57803","2968","56318","583765","10.10"
"4177","1987","69","0.05211","0.05079","0.50","54834","2785","53442","527447","9.62"
"4178","1987","70","0.05923","0.05753","0.50","52049","2994","50552","474005","9.11"
"4179","1987","71","0.05737","0.05577","0.50","49055","2736","47687","423453","8.63"
"4180","1987","72","0.06954","0.06720","0.50","46319","3113","44763","375766","8.11"
"4181","1987","73","0.07867","0.07570","0.50","43207","3271","41571","331003","7.66"
"4182","1987","74","0.07859","0.07562","0.50","39936","3020","38426","289431","7.25"
"4183","1987","75","0.09356","0.08938","0.50","36916","3299","35266","251005","6.80"
"4184","1987","76","0.09916","0.09448","0.50","33617","3176","32029","215738","6.42"
"4185","1987","77","0.11465","0.10844","0.50","30441","3301","28790","183710","6.03"
"4186","1987","78","0.12210","0.11508","0.50","27140","3123","25578","154919","5.71"
"4187","1987","79","0.12694","0.11937","0.50","24017","2867","22583","129341","5.39"
"4188","1987","80","0.14649","0.13649","0.50","21150","2887","19707","106758","5.05"
"4189","1987","81","0.15606","0.14477","0.50","18263","2644","16941","87051","4.77"
"4190","1987","82","0.16363","0.15125","0.50","15619","2362","14438","70110","4.49"
"4191","1987","83","0.17702","0.16263","0.50","13257","2156","12179","55672","4.20"
"4192","1987","84","0.20279","0.18412","0.50","11101","2044","10079","43493","3.92"
"4193","1987","85","0.21544","0.19449","0.50","9057","1762","8176","33414","3.69"
"4194","1987","86","0.23439","0.20980","0.50","7296","1531","6530","25238","3.46"
"4195","1987","87","0.26920","0.23727","0.50","5765","1368","5081","18708","3.25"
"4196","1987","88","0.27769","0.24384","0.50","4397","1072","3861","13627","3.10"
"4197","1987","89","0.30164","0.26211","0.50","3325","871","2889","9766","2.94"
"4198","1987","90","0.28528","0.24967","0.50","2453","613","2147","6877","2.80"
"4199","1987","91","0.35291","0.29998","0.50","1841","552","1565","4729","2.57"
"4200","1987","92","0.35499","0.30148","0.50","1289","389","1094","3165","2.46"
"4201","1987","93","0.41194","0.34158","0.50","900","307","746","2070","2.30"
"4202","1987","94","0.40900","0.33956","0.50","593","201","492","1324","2.23"
"4203","1987","95","0.43382","0.35649","0.50","391","140","322","832","2.12"
"4204","1987","96","0.45897","0.37330","0.50","252","94","205","510","2.02"
"4205","1987","97","0.48433","0.38991","0.50","158","62","127","305","1.93"
"4206","1987","98","0.50977","0.40623","0.50","96","39","77","178","1.85"
"4207","1987","99","0.53517","0.42219","0.50","57","24","45","101","1.77"
"4208","1987","100","0.56038","0.43773","0.50","33","14","26","56","1.70"
"4209","1987","101","0.58528","0.45278","0.50","19","8","14","30","1.64"
"4210","1987","102","0.60976","0.46729","0.50","10","5","8","16","1.58"
"4211","1987","103","0.63369","0.48122","0.50","5","3","4","8","1.53"
"4212","1987","104","0.65699","0.49453","0.50","3","1","2","4","1.48"
"4213","1987","105","0.67955","0.50721","0.50","1","1","1","2","1.43"
"4214","1987","106","0.70130","0.51923","0.50","1","0","1","1","1.39"
"4215","1987","107","0.72218","0.53059","0.50","0","0","0","0","1.36"
"4216","1987","108","0.74213","0.54128","0.50","0","0","0","0","1.33"
"4217","1987","109","0.76113","0.55132","0.50","0","0","0","0","1.30"
"4218","1987","110+","0.77914","1.00000","1.28","0","0","0","0","1.28"
"4219","1988","0","0.01229","0.01215","0.12","100000","1215","98936","6810468","68.10"
"4220","1988","1","0.00063","0.00063","0.50","98785","62","98754","6711532","67.94"
"4221","1988","2","0.00050","0.00050","0.50","98723","50","98698","6612779","66.98"
"4222","1988","3","0.00025","0.00025","0.50","98673","25","98661","6514081","66.02"
"4223","1988","4","0.00051","0.00051","0.50","98649","50","98624","6415420","65.03"
"4224","1988","5","0.00033","0.00033","0.50","98599","32","98583","6316796","64.07"
"4225","1988","6","0.00035","0.00035","0.50","98566","34","98549","6218214","63.09"
"4226","1988","7","0.00027","0.00027","0.50","98532","26","98519","6119664","62.11"
"4227","1988","8","0.00038","0.00038","0.50","98506","37","98487","6021146","61.12"
"4228","1988","9","0.00030","0.00030","0.50","98468","29","98454","5922659","60.15"
"4229","1988","10","0.00023","0.00023","0.50","98439","23","98428","5824205","59.17"
"4230","1988","11","0.00023","0.00023","0.50","98416","23","98405","5725777","58.18"
"4231","1988","12","0.00029","0.00029","0.50","98393","28","98379","5627373","57.19"
"4232","1988","13","0.00043","0.00043","0.50","98365","42","98344","5528993","56.21"
"4233","1988","14","0.00041","0.00041","0.50","98323","40","98303","5430649","55.23"
"4234","1988","15","0.00040","0.00040","0.50","98283","40","98263","5332346","54.26"
"4235","1988","16","0.00078","0.00078","0.50","98243","76","98205","5234083","53.28"
"4236","1988","17","0.00058","0.00058","0.50","98167","57","98138","5135878","52.32"
"4237","1988","18","0.00110","0.00110","0.50","98110","108","98056","5037740","51.35"
"4238","1988","19","0.00096","0.00096","0.50","98002","94","97955","4939684","50.40"
"4239","1988","20","0.00101","0.00101","0.50","97908","99","97859","4841728","49.45"
"4240","1988","21","0.00104","0.00104","0.50","97809","102","97759","4743869","48.50"
"4241","1988","22","0.00108","0.00108","0.50","97708","106","97655","4646111","47.55"
"4242","1988","23","0.00117","0.00116","0.50","97602","114","97545","4548456","46.60"
"4243","1988","24","0.00125","0.00125","0.50","97488","122","97427","4450911","45.66"
"4244","1988","25","0.00082","0.00082","0.50","97367","80","97327","4353484","44.71"
"4245","1988","26","0.00113","0.00113","0.50","97287","110","97232","4256157","43.75"
"4246","1988","27","0.00114","0.00114","0.50","97177","111","97121","4158925","42.80"
"4247","1988","28","0.00102","0.00102","0.50","97066","99","97017","4061804","41.85"
"4248","1988","29","0.00123","0.00123","0.50","96967","119","96907","3964788","40.89"
"4249","1988","30","0.00138","0.00138","0.50","96848","133","96781","3867880","39.94"
"4250","1988","31","0.00143","0.00143","0.50","96714","138","96645","3771099","38.99"
"4251","1988","32","0.00161","0.00160","0.50","96576","155","96499","3674454","38.05"
"4252","1988","33","0.00181","0.00181","0.50","96422","174","96334","3577955","37.11"
"4253","1988","34","0.00171","0.00171","0.50","96247","165","96165","3481621","36.17"
"4254","1988","35","0.00204","0.00203","0.50","96083","195","95985","3385456","35.23"
"4255","1988","36","0.00236","0.00236","0.50","95887","226","95774","3289471","34.31"
"4256","1988","37","0.00272","0.00272","0.50","95661","260","95531","3193697","33.39"
"4257","1988","38","0.00267","0.00267","0.50","95401","255","95274","3098166","32.48"
"4258","1988","39","0.00316","0.00315","0.50","95147","300","94997","3002892","31.56"
"4259","1988","40","0.00362","0.00362","0.50","94847","343","94675","2907895","30.66"
"4260","1988","41","0.00364","0.00363","0.50","94504","343","94332","2813220","29.77"
"4261","1988","42","0.00408","0.00407","0.50","94161","384","93969","2718888","28.87"
"4262","1988","43","0.00445","0.00444","0.50","93777","416","93569","2624919","27.99"
"4263","1988","44","0.00481","0.00480","0.50","93361","448","93137","2531350","27.11"
"4264","1988","45","0.00550","0.00549","0.50","92913","510","92658","2438213","26.24"
"4265","1988","46","0.00646","0.00643","0.50","92403","595","92106","2345555","25.38"
"4266","1988","47","0.00727","0.00724","0.50","91808","665","91476","2253449","24.55"
"4267","1988","48","0.00810","0.00806","0.50","91143","735","90776","2161974","23.72"
"4268","1988","49","0.00896","0.00892","0.50","90408","806","90005","2071198","22.91"
"4269","1988","50","0.00941","0.00936","0.50","89602","839","89183","1981193","22.11"
"4270","1988","51","0.01035","0.01030","0.50","88763","914","88306","1892011","21.32"
"4271","1988","52","0.01131","0.01124","0.50","87849","988","87355","1803704","20.53"
"4272","1988","53","0.01251","0.01243","0.50","86861","1080","86321","1716349","19.76"
"4273","1988","54","0.01383","0.01373","0.50","85782","1178","85193","1630028","19.00"
"4274","1988","55","0.01543","0.01531","0.50","84604","1296","83956","1544835","18.26"
"4275","1988","56","0.01577","0.01565","0.50","83308","1304","82656","1460879","17.54"
"4276","1988","57","0.01887","0.01870","0.50","82004","1533","81238","1378223","16.81"
"4277","1988","58","0.02108","0.02086","0.50","80471","1679","79631","1296986","16.12"
"4278","1988","59","0.02258","0.02232","0.50","78792","1759","77913","1217354","15.45"
"4279","1988","60","0.02553","0.02521","0.50","77033","1942","76062","1139442","14.79"
"4280","1988","61","0.02681","0.02645","0.50","75091","1987","74098","1063380","14.16"
"4281","1988","62","0.02969","0.02926","0.50","73105","2139","72035","989282","13.53"
"4282","1988","63","0.03141","0.03093","0.50","70966","2195","69868","917247","12.93"
"4283","1988","64","0.03766","0.03696","0.50","68771","2542","67500","847378","12.32"
"4284","1988","65","0.04021","0.03942","0.50","66229","2611","64924","779878","11.78"
"4285","1988","66","0.04371","0.04278","0.50","63618","2721","62258","714954","11.24"
"4286","1988","67","0.04578","0.04476","0.50","60897","2726","59534","652697","10.72"
"4287","1988","68","0.05129","0.05001","0.50","58171","2909","56717","593163","10.20"
"4288","1988","69","0.05403","0.05261","0.50","55262","2907","53809","536446","9.71"
"4289","1988","70","0.05403","0.05261","0.50","52355","2754","50978","482637","9.22"
"4290","1988","71","0.06450","0.06249","0.50","49601","3099","48051","431659","8.70"
"4291","1988","72","0.06577","0.06367","0.50","46501","2961","45021","383608","8.25"
"4292","1988","73","0.07879","0.07580","0.50","43540","3301","41890","338587","7.78"
"4293","1988","74","0.08467","0.08123","0.50","40240","3269","38606","296697","7.37"
"4294","1988","75","0.08410","0.08070","0.50","36971","2984","35479","258092","6.98"
"4295","1988","76","0.09817","0.09358","0.50","33988","3181","32397","222612","6.55"
"4296","1988","77","0.10374","0.09862","0.50","30807","3038","29288","190215","6.17"
"4297","1988","78","0.11952","0.11278","0.50","27769","3132","26203","160927","5.80"
"4298","1988","79","0.12713","0.11953","0.50","24637","2945","23164","134725","5.47"
"4299","1988","80","0.14518","0.13536","0.50","21692","2936","20224","111560","5.14"
"4300","1988","81","0.14928","0.13891","0.50","18756","2605","17453","91336","4.87"
"4301","1988","82","0.15806","0.14649","0.50","16150","2366","14967","73883","4.57"
"4302","1988","83","0.16704","0.15417","0.50","13785","2125","12722","58916","4.27"
"4303","1988","84","0.19859","0.18065","0.50","11659","2106","10606","46194","3.96"
"4304","1988","85","0.22093","0.19895","0.50","9553","1901","8603","35587","3.73"
"4305","1988","86","0.25756","0.22818","0.50","7653","1746","6779","26985","3.53"
"4306","1988","87","0.23394","0.20944","0.50","5906","1237","5288","20205","3.42"
"4307","1988","88","0.27170","0.23920","0.50","4669","1117","4111","14917","3.19"
"4308","1988","89","0.26239","0.23196","0.50","3552","824","3140","10806","3.04"
"4309","1988","90","0.32638","0.28059","0.50","2728","766","2346","7666","2.81"
"4310","1988","91","0.29110","0.25412","0.50","1963","499","1713","5320","2.71"
"4311","1988","92","0.37001","0.31224","0.50","1464","457","1235","3607","2.46"
"4312","1988","93","0.39164","0.32751","0.50","1007","330","842","2371","2.35"
"4313","1988","94","0.40346","0.33573","0.50","677","227","563","1529","2.26"
"4314","1988","95","0.42834","0.35278","0.50","450","159","370","966","2.15"
"4315","1988","96","0.45358","0.36973","0.50","291","108","237","595","2.04"
"4316","1988","97","0.47907","0.38649","0.50","183","71","148","358","1.95"
"4317","1988","98","0.50466","0.40298","0.50","113","45","90","210","1.86"
"4318","1988","99","0.53023","0.41912","0.50","67","28","53","120","1.79"
"4319","1988","100","0.55564","0.43483","0.50","39","17","31","67","1.71"
"4320","1988","101","0.58076","0.45007","0.50","22","10","17","36","1.65"
"4321","1988","102","0.60548","0.46477","0.50","12","6","9","19","1.59"
"4322","1988","103","0.62966","0.47889","0.50","6","3","5","10","1.53"
"4323","1988","104","0.65321","0.49239","0.50","3","2","3","5","1.48"
"4324","1988","105","0.67603","0.50525","0.50","2","1","1","2","1.44"
"4325","1988","106","0.69805","0.51745","0.50","1","0","1","1","1.40"
"4326","1988","107","0.71919","0.52897","0.50","0","0","0","1","1.36"
"4327","1988","108","0.73941","0.53983","0.50","0","0","0","0","1.33"
"4328","1988","109","0.75865","0.55002","0.50","0","0","0","0","1.30"
"4329","1988","110+","0.77691","1.00000","1.29","0","0","0","0","1.29"
"4330","1989","0","0.01162","0.01151","0.13","100000","1151","98994","6811779","68.12"
"4331","1989","1","0.00067","0.00067","0.50","98849","66","98816","6712785","67.91"
"4332","1989","2","0.00045","0.00045","0.50","98784","44","98762","6613968","66.95"
"4333","1989","3","0.00053","0.00053","0.50","98739","53","98713","6515207","65.98"
"4334","1989","4","0.00041","0.00041","0.50","98687","41","98667","6416494","65.02"
"4335","1989","5","0.00035","0.00035","0.50","98646","34","98629","6317827","64.05"
"4336","1989","6","0.00031","0.00031","0.50","98612","31","98597","6219198","63.07"
"4337","1989","7","0.00038","0.00038","0.50","98581","37","98562","6120601","62.09"
"4338","1989","8","0.00034","0.00034","0.50","98544","33","98527","6022039","61.11"
"4339","1989","9","0.00020","0.00020","0.50","98511","19","98501","5923511","60.13"
"4340","1989","10","0.00025","0.00025","0.50","98492","25","98479","5825010","59.14"
"4341","1989","11","0.00029","0.00029","0.50","98467","29","98453","5726531","58.16"
"4342","1989","12","0.00021","0.00021","0.50","98438","20","98428","5628079","57.17"
"4343","1989","13","0.00034","0.00034","0.50","98418","33","98401","5529650","56.19"
"4344","1989","14","0.00039","0.00039","0.50","98384","38","98365","5431249","55.20"
"4345","1989","15","0.00039","0.00039","0.50","98346","38","98327","5332884","54.23"
"4346","1989","16","0.00055","0.00055","0.50","98308","54","98281","5234557","53.25"
"4347","1989","17","0.00073","0.00073","0.50","98254","71","98218","5136276","52.28"
"4348","1989","18","0.00115","0.00115","0.50","98182","113","98126","5038058","51.31"
"4349","1989","19","0.00090","0.00090","0.50","98070","89","98025","4939932","50.37"
"4350","1989","20","0.00105","0.00105","0.50","97981","103","97930","4841906","49.42"
"4351","1989","21","0.00104","0.00104","0.50","97878","102","97828","4743977","48.47"
"4352","1989","22","0.00122","0.00121","0.50","97777","119","97717","4646149","47.52"
"4353","1989","23","0.00123","0.00123","0.50","97658","120","97598","4548432","46.58"
"4354","1989","24","0.00138","0.00138","0.50","97538","135","97471","4450834","45.63"
"4355","1989","25","0.00116","0.00116","0.50","97403","113","97347","4353363","44.69"
"4356","1989","26","0.00095","0.00095","0.50","97291","92","97244","4256016","43.75"
"4357","1989","27","0.00123","0.00123","0.50","97198","119","97139","4158772","42.79"
"4358","1989","28","0.00113","0.00113","0.50","97079","109","97025","4061633","41.84"
"4359","1989","29","0.00129","0.00129","0.50","96970","125","96908","3964608","40.88"
"4360","1989","30","0.00134","0.00134","0.50","96845","130","96780","3867701","39.94"
"4361","1989","31","0.00161","0.00161","0.50","96715","156","96637","3770921","38.99"
"4362","1989","32","0.00147","0.00147","0.50","96559","142","96488","3674283","38.05"
"4363","1989","33","0.00174","0.00174","0.50","96418","167","96334","3577795","37.11"
"4364","1989","34","0.00159","0.00159","0.50","96250","153","96174","3481461","36.17"
"4365","1989","35","0.00176","0.00176","0.50","96098","169","96013","3385287","35.23"
"4366","1989","36","0.00230","0.00230","0.50","95929","220","95819","3289274","34.29"
"4367","1989","37","0.00221","0.00221","0.50","95709","212","95603","3193455","33.37"
"4368","1989","38","0.00263","0.00263","0.50","95497","251","95371","3097852","32.44"
"4369","1989","39","0.00294","0.00293","0.50","95246","279","95106","3002481","31.52"
"4370","1989","40","0.00334","0.00334","0.50","94966","317","94808","2907375","30.61"
"4371","1989","41","0.00377","0.00376","0.50","94650","356","94472","2812567","29.72"
"4372","1989","42","0.00404","0.00403","0.50","94294","380","94104","2718095","28.83"
"4373","1989","43","0.00476","0.00475","0.50","93914","446","93691","2623991","27.94"
"4374","1989","44","0.00481","0.00480","0.50","93468","448","93244","2530300","27.07"
"4375","1989","45","0.00631","0.00629","0.50","93020","585","92727","2437056","26.20"
"4376","1989","46","0.00656","0.00654","0.50","92435","605","92132","2344329","25.36"
"4377","1989","47","0.00677","0.00675","0.50","91830","620","91520","2252197","24.53"
"4378","1989","48","0.00742","0.00739","0.50","91210","674","90873","2160677","23.69"
"4379","1989","49","0.00879","0.00875","0.50","90536","792","90140","2069803","22.86"
"4380","1989","50","0.00911","0.00907","0.50","89744","814","89337","1979663","22.06"
"4381","1989","51","0.01011","0.01006","0.50","88930","895","88483","1890326","21.26"
"4382","1989","52","0.01164","0.01157","0.50","88035","1019","87526","1801843","20.47"
"4383","1989","53","0.01283","0.01275","0.50","87016","1109","86462","1714317","19.70"
"4384","1989","54","0.01355","0.01346","0.50","85907","1156","85329","1627856","18.95"
"4385","1989","55","0.01466","0.01455","0.50","84751","1233","84134","1542527","18.20"
"4386","1989","56","0.01649","0.01635","0.50","83518","1366","82835","1458392","17.46"
"4387","1989","57","0.01805","0.01789","0.50","82152","1470","81417","1375558","16.74"
"4388","1989","58","0.02143","0.02121","0.50","80682","1711","79827","1294141","16.04"
"4389","1989","59","0.02331","0.02305","0.50","78971","1820","78061","1214314","15.38"
"4390","1989","60","0.02536","0.02505","0.50","77151","1932","76185","1136253","14.73"
"4391","1989","61","0.02810","0.02771","0.50","75219","2084","74177","1060068","14.09"
"4392","1989","62","0.02871","0.02830","0.50","73135","2070","72100","985891","13.48"
"4393","1989","63","0.03248","0.03196","0.50","71065","2271","69929","913791","12.86"
"4394","1989","64","0.03674","0.03608","0.50","68793","2482","67553","843862","12.27"
"4395","1989","65","0.04154","0.04069","0.50","66312","2698","64962","776310","11.71"
"4396","1989","66","0.04172","0.04087","0.50","63613","2600","62313","711347","11.18"
"4397","1989","67","0.04679","0.04572","0.50","61014","2789","59619","649034","10.64"
"4398","1989","68","0.05185","0.05054","0.50","58224","2942","56753","589415","10.12"
"4399","1989","69","0.05685","0.05528","0.50","55282","3056","53754","532662","9.64"
"4400","1989","70","0.05869","0.05702","0.50","52226","2978","50737","478908","9.17"
"4401","1989","71","0.06048","0.05871","0.50","49248","2891","47802","428171","8.69"
"4402","1989","72","0.06932","0.06700","0.50","46357","3106","44804","380369","8.21"
"4403","1989","73","0.07124","0.06879","0.50","43251","2975","41763","335565","7.76"
"4404","1989","74","0.08483","0.08138","0.50","40276","3278","38637","293802","7.29"
"4405","1989","75","0.08927","0.08546","0.50","36998","3162","35417","255165","6.90"
"4406","1989","76","0.09509","0.09077","0.50","33836","3071","32301","219747","6.49"
"4407","1989","77","0.10953","0.10384","0.50","30765","3195","29168","187447","6.09"
"4408","1989","78","0.11456","0.10836","0.50","27570","2987","26077","158279","5.74"
"4409","1989","79","0.12358","0.11638","0.50","24583","2861","23152","132202","5.38"
"4410","1989","80","0.14043","0.13122","0.50","21722","2850","20297","109050","5.02"
"4411","1989","81","0.15156","0.14088","0.50","18872","2659","17542","88753","4.70"
"4412","1989","82","0.16987","0.15657","0.50","16213","2538","14944","71211","4.39"
"4413","1989","83","0.17904","0.16433","0.50","13675","2247","12551","56267","4.11"
"4414","1989","84","0.21406","0.19336","0.50","11427","2210","10323","43716","3.83"
"4415","1989","85","0.23639","0.21141","0.50","9218","1949","8243","33394","3.62"
"4416","1989","86","0.23722","0.21207","0.50","7269","1542","6498","25150","3.46"
"4417","1989","87","0.25632","0.22720","0.50","5727","1301","5077","18652","3.26"
"4418","1989","88","0.27183","0.23931","0.50","4426","1059","3897","13575","3.07"
"4419","1989","89","0.29663","0.25832","0.50","3367","870","2932","9679","2.87"
"4420","1989","90","0.30848","0.26726","0.50","2497","667","2164","6747","2.70"
"4421","1989","91","0.33336","0.28573","0.50","1830","523","1568","4583","2.50"
"4422","1989","92","0.40305","0.33545","0.50","1307","438","1088","3015","2.31"
"4423","1989","93","0.41300","0.34231","0.50","869","297","720","1927","2.22"
"4424","1989","94","0.43386","0.35652","0.50","571","204","469","1207","2.11"
"4425","1989","95","0.46115","0.37474","0.50","368","138","299","738","2.01"
"4426","1989","96","0.48868","0.39272","0.50","230","90","185","439","1.91"
"4427","1989","97","0.51628","0.41035","0.50","140","57","111","254","1.82"
"4428","1989","98","0.54378","0.42754","0.50","82","35","65","143","1.74"
"4429","1989","99","0.57101","0.44419","0.50","47","21","37","79","1.67"
"4430","1989","100","0.59782","0.46025","0.50","26","12","20","42","1.60"
"4431","1989","101","0.62406","0.47565","0.50","14","7","11","22","1.54"
"4432","1989","102","0.64959","0.49033","0.50","7","4","6","11","1.49"
"4433","1989","103","0.67429","0.50428","0.50","4","2","3","5","1.44"
"4434","1989","104","0.69806","0.51745","0.50","2","1","1","3","1.40"
"4435","1989","105","0.72081","0.52985","0.50","1","0","1","1","1.36"
"4436","1989","106","0.74248","0.54147","0.50","0","0","0","1","1.32"
"4437","1989","107","0.76303","0.55231","0.50","0","0","0","0","1.29"
"4438","1989","108","0.78241","0.56240","0.50","0","0","0","0","1.26"
"4439","1989","109","0.80062","0.57175","0.50","0","0","0","0","1.24"
"4440","1989","110+","0.81767","1.00000","1.22","0","0","0","0","1.22"
"4441","1990","0","0.01285","0.01270","0.12","100000","1270","98887","6753296","67.53"
"4442","1990","1","0.00073","0.00073","0.50","98730","72","98694","6654409","67.40"
"4443","1990","2","0.00030","0.00030","0.50","98658","30","98643","6555715","66.45"
"4444","1990","3","0.00037","0.00037","0.50","98628","37","98609","6457073","65.47"
"4445","1990","4","0.00039","0.00039","0.50","98591","38","98572","6358463","64.49"
"4446","1990","5","0.00034","0.00034","0.50","98553","33","98536","6259891","63.52"
"4447","1990","6","0.00032","0.00032","0.50","98520","31","98504","6161355","62.54"
"4448","1990","7","0.00039","0.00039","0.50","98488","38","98469","6062851","61.56"
"4449","1990","8","0.00031","0.00031","0.50","98450","30","98435","5964382","60.58"
"4450","1990","9","0.00023","0.00023","0.50","98420","22","98409","5865947","59.60"
"4451","1990","10","0.00020","0.00020","0.50","98397","19","98388","5767539","58.61"
"4452","1990","11","0.00030","0.00030","0.50","98378","29","98364","5669151","57.63"
"4453","1990","12","0.00027","0.00027","0.50","98349","26","98336","5570787","56.64"
"4454","1990","13","0.00024","0.00024","0.50","98323","24","98311","5472451","55.66"
"4455","1990","14","0.00027","0.00027","0.50","98299","26","98286","5374141","54.67"
"4456","1990","15","0.00045","0.00045","0.50","98273","44","98251","5275855","53.69"
"4457","1990","16","0.00056","0.00056","0.50","98229","55","98201","5177604","52.71"
"4458","1990","17","0.00075","0.00075","0.50","98174","73","98137","5079403","51.74"
"4459","1990","18","0.00108","0.00108","0.50","98100","106","98047","4981266","50.78"
"4460","1990","19","0.00091","0.00091","0.50","97994","89","97949","4883219","49.83"
"4461","1990","20","0.00121","0.00121","0.50","97905","118","97846","4785269","48.88"
"4462","1990","21","0.00140","0.00140","0.50","97786","136","97718","4687424","47.94"
"4463","1990","22","0.00125","0.00125","0.50","97650","122","97589","4589706","47.00"
"4464","1990","23","0.00140","0.00140","0.50","97528","137","97460","4492117","46.06"
"4465","1990","24","0.00110","0.00110","0.50","97391","107","97338","4394657","45.12"
"4466","1990","25","0.00114","0.00114","0.50","97284","111","97229","4297319","44.17"
"4467","1990","26","0.00120","0.00120","0.50","97173","116","97115","4200091","43.22"
"4468","1990","27","0.00132","0.00132","0.50","97057","128","96993","4102975","42.27"
"4469","1990","28","0.00112","0.00112","0.50","96929","109","96875","4005982","41.33"
"4470","1990","29","0.00153","0.00153","0.50","96821","148","96747","3909107","40.37"
"4471","1990","30","0.00143","0.00143","0.50","96672","138","96603","3812361","39.44"
"4472","1990","31","0.00144","0.00144","0.50","96534","139","96465","3715757","38.49"
"4473","1990","32","0.00166","0.00166","0.50","96395","160","96316","3619292","37.55"
"4474","1990","33","0.00180","0.00180","0.50","96236","173","96149","3522977","36.61"
"4475","1990","34","0.00183","0.00183","0.50","96063","176","95975","3426828","35.67"
"4476","1990","35","0.00219","0.00219","0.50","95887","210","95782","3330853","34.74"
"4477","1990","36","0.00251","0.00250","0.50","95677","240","95557","3235071","33.81"
"4478","1990","37","0.00278","0.00278","0.50","95437","265","95305","3139514","32.90"
"4479","1990","38","0.00311","0.00310","0.50","95172","295","95024","3044209","31.99"
"4480","1990","39","0.00330","0.00329","0.50","94876","312","94720","2949185","31.08"
"4481","1990","40","0.00343","0.00343","0.50","94564","324","94402","2854465","30.19"
"4482","1990","41","0.00417","0.00416","0.50","94240","392","94044","2760063","29.29"
"4483","1990","42","0.00423","0.00422","0.50","93848","396","93650","2666019","28.41"
"4484","1990","43","0.00526","0.00525","0.50","93451","491","93206","2572369","27.53"
"4485","1990","44","0.00575","0.00574","0.50","92961","533","92694","2479163","26.67"
"4486","1990","45","0.00634","0.00632","0.50","92427","584","92135","2386469","25.82"
"4487","1990","46","0.00721","0.00719","0.50","91843","660","91513","2294334","24.98"
"4488","1990","47","0.00788","0.00785","0.50","91183","716","90825","2202821","24.16"
"4489","1990","48","0.00814","0.00811","0.50","90467","733","90101","2111995","23.35"
"4490","1990","49","0.01013","0.01008","0.50","89734","904","89282","2021895","22.53"
"4491","1990","50","0.01069","0.01064","0.50","88830","945","88357","1932613","21.76"
"4492","1990","51","0.01064","0.01058","0.50","87885","930","87420","1844255","20.98"
"4493","1990","52","0.01273","0.01265","0.50","86955","1100","86405","1756835","20.20"
"4494","1990","53","0.01314","0.01306","0.50","85855","1121","85295","1670430","19.46"
"4495","1990","54","0.01641","0.01628","0.50","84734","1379","84044","1585136","18.71"
"4496","1990","55","0.01566","0.01554","0.50","83355","1296","82707","1501091","18.01"
"4497","1990","56","0.01727","0.01712","0.50","82059","1405","81357","1418384","17.28"
"4498","1990","57","0.01983","0.01963","0.50","80654","1584","79863","1337027","16.58"
"4499","1990","58","0.02235","0.02211","0.50","79071","1748","78197","1257165","15.90"
"4500","1990","59","0.02261","0.02235","0.50","77323","1729","76459","1178968","15.25"
"4501","1990","60","0.02670","0.02634","0.50","75594","1991","74599","1102509","14.58"
"4502","1990","61","0.02760","0.02722","0.50","73603","2004","72601","1027911","13.97"
"4503","1990","62","0.03085","0.03038","0.50","71599","2175","70511","955310","13.34"
"4504","1990","63","0.03444","0.03386","0.50","69424","2351","68248","884798","12.74"
"4505","1990","64","0.03782","0.03712","0.50","67073","2490","65828","816550","12.17"
"4506","1990","65","0.04029","0.03949","0.50","64583","2550","63308","750722","11.62"
"4507","1990","66","0.04471","0.04373","0.50","62033","2713","60677","687413","11.08"
"4508","1990","67","0.04713","0.04605","0.50","59320","2731","57954","626737","10.57"
"4509","1990","68","0.05248","0.05114","0.50","56589","2894","55142","568782","10.05"
"4510","1990","69","0.05687","0.05529","0.50","53695","2969","52210","513641","9.57"
"4511","1990","70","0.06093","0.05912","0.50","50726","2999","49226","461430","9.10"
"4512","1990","71","0.06179","0.05994","0.50","47727","2861","46296","412204","8.64"
"4513","1990","72","0.06910","0.06679","0.50","44866","2997","43368","365908","8.16"
"4514","1990","73","0.07738","0.07450","0.50","41869","3119","40310","322540","7.70"
"4515","1990","74","0.07794","0.07502","0.50","38750","2907","37297","282231","7.28"
"4516","1990","75","0.09446","0.09020","0.50","35843","3233","34227","244934","6.83"
"4517","1990","76","0.10130","0.09642","0.50","32610","3144","31038","210708","6.46"
"4518","1990","77","0.10811","0.10257","0.50","29466","3022","27955","179670","6.10"
"4519","1990","78","0.11522","0.10895","0.50","26444","2881","25003","151715","5.74"
"4520","1990","79","0.12965","0.12176","0.50","23563","2869","22128","126712","5.38"
"4521","1990","80","0.14046","0.13124","0.50","20694","2716","19336","104584","5.05"
"4522","1990","81","0.15101","0.14041","0.50","17978","2524","16716","85248","4.74"
"4523","1990","82","0.17376","0.15987","0.50","15454","2471","14218","68533","4.43"
"4524","1990","83","0.18610","0.17026","0.50","12983","2210","11878","54314","4.18"
"4525","1990","84","0.18978","0.17333","0.50","10772","1867","9839","42437","3.94"
"4526","1990","85","0.22347","0.20101","0.50","8905","1790","8010","32598","3.66"
"4527","1990","86","0.23720","0.21205","0.50","7115","1509","6361","24587","3.46"
"4528","1990","87","0.26732","0.23580","0.50","5606","1322","4945","18227","3.25"
"4529","1990","88","0.27832","0.24432","0.50","4284","1047","3761","13281","3.10"
"4530","1990","89","0.29109","0.25410","0.50","3238","823","2826","9520","2.94"
"4531","1990","90","0.30109","0.26169","0.50","2415","632","2099","6694","2.77"
"4532","1990","91","0.31495","0.27210","0.50","1783","485","1540","4595","2.58"
"4533","1990","92","0.36877","0.31136","0.50","1298","404","1096","3054","2.35"
"4534","1990","93","0.44931","0.36689","0.50","894","328","730","1959","2.19"
"4535","1990","94","0.42118","0.34791","0.50","566","197","467","1229","2.17"
"4536","1990","95","0.44737","0.36559","0.50","369","135","302","761","2.06"
"4537","1990","96","0.47386","0.38309","0.50","234","90","189","460","1.96"
"4538","1990","97","0.50049","0.40031","0.50","144","58","116","271","1.87"
"4539","1990","98","0.52712","0.41717","0.50","87","36","69","155","1.79"
"4540","1990","99","0.55360","0.43359","0.50","50","22","40","87","1.72"
"4541","1990","100","0.57978","0.44948","0.50","29","13","22","47","1.65"
"4542","1990","101","0.60552","0.46480","0.50","16","7","12","25","1.59"
"4543","1990","102","0.63068","0.47948","0.50","8","4","6","13","1.53"
"4544","1990","103","0.65516","0.49350","0.50","4","2","3","6","1.48"
"4545","1990","104","0.67883","0.50681","0.50","2","1","2","3","1.43"
"4546","1990","105","0.70163","0.51941","0.50","1","1","1","2","1.39"
"4547","1990","106","0.72346","0.53128","0.50","1","0","0","1","1.35"
"4548","1990","107","0.74428","0.54242","0.50","0","0","0","0","1.32"
"4549","1990","108","0.76404","0.55284","0.50","0","0","0","0","1.29"
"4550","1990","109","0.78272","0.56256","0.50","0","0","0","0","1.27"
"4551","1990","110+","0.80031","1.00000","1.25","0","0","0","0","1.25"
"4552","1991","0","0.01150","0.01138","0.13","100000","1138","99005","6823453","68.23"
"4553","1991","1","0.00081","0.00081","0.50","98862","80","98822","6724448","68.02"
"4554","1991","2","0.00044","0.00044","0.50","98782","44","98760","6625626","67.07"
"4555","1991","3","0.00036","0.00036","0.50","98738","36","98720","6526866","66.10"
"4556","1991","4","0.00042","0.00042","0.50","98702","41","98682","6428145","65.13"
"4557","1991","5","0.00024","0.00024","0.50","98661","23","98649","6329464","64.15"
"4558","1991","6","0.00024","0.00024","0.50","98638","23","98626","6230814","63.17"
"4559","1991","7","0.00026","0.00026","0.50","98614","26","98602","6132189","62.18"
"4560","1991","8","0.00027","0.00027","0.50","98589","27","98575","6033587","61.20"
"4561","1991","9","0.00032","0.00032","0.50","98562","32","98546","5935012","60.22"
"4562","1991","10","0.00030","0.00030","0.50","98530","29","98516","5836466","59.24"
"4563","1991","11","0.00021","0.00021","0.50","98501","21","98491","5737950","58.25"
"4564","1991","12","0.00027","0.00027","0.50","98481","27","98467","5639459","57.26"
"4565","1991","13","0.00037","0.00037","0.50","98454","36","98435","5540992","56.28"
"4566","1991","14","0.00039","0.00039","0.50","98417","39","98398","5442557","55.30"
"4567","1991","15","0.00053","0.00053","0.50","98379","52","98352","5344159","54.32"
"4568","1991","16","0.00057","0.00057","0.50","98326","56","98298","5245806","53.35"
"4569","1991","17","0.00094","0.00094","0.50","98271","92","98225","5147508","52.38"
"4570","1991","18","0.00108","0.00108","0.50","98178","106","98125","5049283","51.43"
"4571","1991","19","0.00120","0.00120","0.50","98072","118","98013","4951158","50.48"
"4572","1991","20","0.00128","0.00128","0.50","97955","126","97892","4853145","49.54"
"4573","1991","21","0.00095","0.00095","0.50","97829","93","97783","4755253","48.61"
"4574","1991","22","0.00135","0.00135","0.50","97736","132","97670","4657470","47.65"
"4575","1991","23","0.00116","0.00116","0.50","97604","113","97548","4559800","46.72"
"4576","1991","24","0.00104","0.00104","0.50","97491","102","97440","4462252","45.77"
"4577","1991","25","0.00111","0.00111","0.50","97390","108","97335","4364812","44.82"
"4578","1991","26","0.00118","0.00118","0.50","97281","115","97223","4267477","43.87"
"4579","1991","27","0.00141","0.00141","0.50","97166","137","97098","4170253","42.92"
"4580","1991","28","0.00133","0.00133","0.50","97029","129","96964","4073156","41.98"
"4581","1991","29","0.00147","0.00147","0.50","96900","143","96829","3976191","41.03"
"4582","1991","30","0.00113","0.00113","0.50","96757","109","96703","3879363","40.09"
"4583","1991","31","0.00164","0.00163","0.50","96648","158","96569","3782660","39.14"
"4584","1991","32","0.00152","0.00152","0.50","96490","146","96417","3686091","38.20"
"4585","1991","33","0.00187","0.00187","0.50","96344","180","96254","3589674","37.26"
"4586","1991","34","0.00188","0.00188","0.50","96164","181","96074","3493420","36.33"
"4587","1991","35","0.00196","0.00196","0.50","95983","188","95889","3397346","35.40"
"4588","1991","36","0.00180","0.00179","0.50","95795","172","95709","3301457","34.46"
"4589","1991","37","0.00259","0.00259","0.50","95623","247","95500","3205748","33.52"
"4590","1991","38","0.00278","0.00278","0.50","95376","265","95243","3110248","32.61"
"4591","1991","39","0.00337","0.00336","0.50","95111","320","94951","3015005","31.70"
"4592","1991","40","0.00309","0.00309","0.50","94791","293","94644","2920054","30.81"
"4593","1991","41","0.00350","0.00350","0.50","94498","331","94333","2825410","29.90"
"4594","1991","42","0.00418","0.00417","0.50","94167","393","93971","2731077","29.00"
"4595","1991","43","0.00521","0.00519","0.50","93775","487","93531","2637106","28.12"
"4596","1991","44","0.00478","0.00477","0.50","93287","445","93065","2543575","27.27"
"4597","1991","45","0.00630","0.00628","0.50","92842","583","92551","2450510","26.39"
"4598","1991","46","0.00667","0.00665","0.50","92260","613","91953","2357959","25.56"
"4599","1991","47","0.00821","0.00817","0.50","91646","749","91272","2266006","24.73"
"4600","1991","48","0.00767","0.00764","0.50","90897","695","90550","2174734","23.93"
"4601","1991","49","0.00819","0.00816","0.50","90203","736","89835","2084184","23.11"
"4602","1991","50","0.00962","0.00957","0.50","89467","857","89038","1994349","22.29"
"4603","1991","51","0.01042","0.01036","0.50","88610","918","88151","1905311","21.50"
"4604","1991","52","0.01176","0.01169","0.50","87692","1025","87179","1817160","20.72"
"4605","1991","53","0.01190","0.01183","0.50","86667","1025","86154","1729980","19.96"
"4606","1991","54","0.01382","0.01373","0.50","85641","1176","85054","1643826","19.19"
"4607","1991","55","0.01520","0.01509","0.50","84466","1274","83829","1558773","18.45"
"4608","1991","56","0.01686","0.01672","0.50","83191","1391","82496","1474944","17.73"
"4609","1991","57","0.01950","0.01931","0.50","81800","1580","81011","1392448","17.02"
"4610","1991","58","0.01919","0.01901","0.50","80221","1525","79458","1311438","16.35"
"4611","1991","59","0.02217","0.02193","0.50","78696","1726","77833","1231979","15.65"
"4612","1991","60","0.02459","0.02429","0.50","76970","1870","76035","1154146","14.99"
"4613","1991","61","0.02794","0.02756","0.50","75100","2070","74065","1078111","14.36"
"4614","1991","62","0.02848","0.02808","0.50","73031","2051","72005","1004046","13.75"
"4615","1991","63","0.03014","0.02969","0.50","70980","2107","69926","932041","13.13"
"4616","1991","64","0.03461","0.03403","0.50","68872","2343","67700","862115","12.52"
"4617","1991","65","0.03647","0.03582","0.50","66529","2383","65337","794414","11.94"
"4618","1991","66","0.04168","0.04083","0.50","64146","2619","62836","729077","11.37"
"4619","1991","67","0.04688","0.04581","0.50","61526","2819","60117","666241","10.83"
"4620","1991","68","0.04927","0.04809","0.50","58708","2823","57296","606124","10.32"
"4621","1991","69","0.05300","0.05163","0.50","55885","2885","54442","548828","9.82"
"4622","1991","70","0.05679","0.05522","0.50","52999","2927","51536","494386","9.33"
"4623","1991","71","0.06290","0.06099","0.50","50073","3054","48546","442850","8.84"
"4624","1991","72","0.06709","0.06491","0.50","47019","3052","45493","394304","8.39"
"4625","1991","73","0.07088","0.06845","0.50","43967","3010","42462","348811","7.93"
"4626","1991","74","0.07549","0.07274","0.50","40957","2979","39468","306349","7.48"
"4627","1991","75","0.08226","0.07901","0.50","37978","3001","36478","266881","7.03"
"4628","1991","76","0.10191","0.09697","0.50","34977","3392","33281","230404","6.59"
"4629","1991","77","0.10326","0.09819","0.50","31586","3101","30035","197122","6.24"
"4630","1991","78","0.11255","0.10655","0.50","28484","3035","26967","167087","5.87"
"4631","1991","79","0.12176","0.11477","0.50","25449","2921","23989","140121","5.51"
"4632","1991","80","0.13654","0.12781","0.50","22528","2879","21089","116132","5.15"
"4633","1991","81","0.14957","0.13916","0.50","19649","2734","18282","95043","4.84"
"4634","1991","82","0.15338","0.14246","0.50","16915","2410","15710","76762","4.54"
"4635","1991","83","0.18606","0.17022","0.50","14505","2469","13270","61052","4.21"
"4636","1991","84","0.19766","0.17988","0.50","12036","2165","10953","47782","3.97"
"4637","1991","85","0.20909","0.18930","0.50","9871","1869","8937","36828","3.73"
"4638","1991","86","0.23279","0.20852","0.50","8002","1669","7168","27892","3.49"
"4639","1991","87","0.25581","0.22680","0.50","6334","1436","5615","20724","3.27"
"4640","1991","88","0.26936","0.23739","0.50","4897","1163","4316","15108","3.09"
"4641","1991","89","0.28231","0.24739","0.50","3735","924","3273","10792","2.89"
"4642","1991","90","0.32459","0.27926","0.50","2811","785","2418","7520","2.68"
"4643","1991","91","0.35156","0.29900","0.50","2026","606","1723","5101","2.52"
"4644","1991","92","0.38331","0.32166","0.50","1420","457","1192","3378","2.38"
"4645","1991","93","0.39670","0.33104","0.50","963","319","804","2187","2.27"
"4646","1991","94","0.42559","0.35092","0.50","644","226","531","1383","2.15"
"4647","1991","95","0.45306","0.36938","0.50","418","155","341","852","2.04"
"4648","1991","96","0.48081","0.38762","0.50","264","102","213","511","1.94"
"4649","1991","97","0.50869","0.40554","0.50","162","66","129","298","1.84"
"4650","1991","98","0.53651","0.42303","0.50","96","41","76","169","1.76"
"4651","1991","99","0.56410","0.44000","0.50","55","24","43","93","1.69"
"4652","1991","100","0.59131","0.45638","0.50","31","14","24","50","1.62"
"4653","1991","101","0.61796","0.47210","0.50","17","8","13","26","1.56"
"4654","1991","102","0.64393","0.48710","0.50","9","4","7","13","1.50"
"4655","1991","103","0.66907","0.50135","0.50","5","2","3","7","1.45"
"4656","1991","104","0.69329","0.51483","0.50","2","1","2","3","1.40"
"4657","1991","105","0.71648","0.52751","0.50","1","1","1","2","1.36"
"4658","1991","106","0.73858","0.53939","0.50","1","0","0","1","1.33"
"4659","1991","107","0.75954","0.55048","0.50","0","0","0","0","1.29"
"4660","1991","108","0.77932","0.56080","0.50","0","0","0","0","1.26"
"4661","1991","109","0.79790","0.57036","0.50","0","0","0","0","1.24"
"4662","1991","110+","0.81529","1.00000","1.23","0","0","0","0","1.23"
"4663","1992","0","0.01098","0.01087","0.13","100000","1087","99051","6852254","68.52"
"4664","1992","1","0.00057","0.00057","0.50","98913","56","98885","6753203","68.27"
"4665","1992","2","0.00046","0.00046","0.50","98856","46","98833","6654318","67.31"
"4666","1992","3","0.00035","0.00035","0.50","98810","35","98793","6555485","66.34"
"4667","1992","4","0.00029","0.00029","0.50","98776","29","98761","6456692","65.37"
"4668","1992","5","0.00037","0.00037","0.50","98747","37","98729","6357931","64.39"
"4669","1992","6","0.00027","0.00027","0.50","98710","26","98697","6259202","63.41"
"4670","1992","7","0.00024","0.00024","0.50","98684","23","98672","6160505","62.43"
"4671","1992","8","0.00022","0.00022","0.50","98661","21","98650","6061832","61.44"
"4672","1992","9","0.00024","0.00024","0.50","98639","24","98627","5963182","60.45"
"4673","1992","10","0.00029","0.00029","0.50","98615","29","98601","5864555","59.47"
"4674","1992","11","0.00020","0.00020","0.50","98587","20","98577","5765954","58.49"
"4675","1992","12","0.00031","0.00031","0.50","98567","30","98552","5667377","57.50"
"4676","1992","13","0.00032","0.00032","0.50","98536","32","98521","5568826","56.52"
"4677","1992","14","0.00035","0.00035","0.50","98505","34","98488","5470305","55.53"
"4678","1992","15","0.00042","0.00042","0.50","98471","41","98450","5371817","54.55"
"4679","1992","16","0.00067","0.00067","0.50","98430","66","98397","5273367","53.57"
"4680","1992","17","0.00080","0.00080","0.50","98364","78","98325","5174970","52.61"
"4681","1992","18","0.00125","0.00125","0.50","98286","122","98224","5076645","51.65"
"4682","1992","19","0.00117","0.00117","0.50","98163","115","98106","4978420","50.72"
"4683","1992","20","0.00110","0.00110","0.50","98048","108","97994","4880315","49.77"
"4684","1992","21","0.00135","0.00135","0.50","97940","132","97874","4782321","48.83"
"4685","1992","22","0.00141","0.00141","0.50","97808","138","97740","4684446","47.89"
"4686","1992","23","0.00122","0.00122","0.50","97671","120","97611","4586707","46.96"
"4687","1992","24","0.00119","0.00119","0.50","97551","116","97493","4489096","46.02"
"4688","1992","25","0.00114","0.00114","0.50","97435","111","97380","4391602","45.07"
"4689","1992","26","0.00099","0.00099","0.50","97324","96","97276","4294223","44.12"
"4690","1992","27","0.00139","0.00139","0.50","97228","135","97161","4196947","43.17"
"4691","1992","28","0.00130","0.00130","0.50","97093","126","97030","4099786","42.23"
"4692","1992","29","0.00133","0.00133","0.50","96967","129","96902","4002756","41.28"
"4693","1992","30","0.00135","0.00135","0.50","96838","131","96772","3905853","40.33"
"4694","1992","31","0.00165","0.00164","0.50","96707","159","96628","3809081","39.39"
"4695","1992","32","0.00167","0.00167","0.50","96548","161","96468","3712453","38.45"
"4696","1992","33","0.00186","0.00186","0.50","96387","179","96298","3615985","37.52"
"4697","1992","34","0.00184","0.00184","0.50","96208","177","96120","3519688","36.58"
"4698","1992","35","0.00236","0.00235","0.50","96031","226","95918","3423568","35.65"
"4699","1992","36","0.00227","0.00227","0.50","95805","218","95696","3327650","34.73"
"4700","1992","37","0.00245","0.00245","0.50","95588","234","95470","3231953","33.81"
"4701","1992","38","0.00257","0.00257","0.50","95353","245","95231","3136483","32.89"
"4702","1992","39","0.00295","0.00294","0.50","95109","280","94969","3041252","31.98"
"4703","1992","40","0.00337","0.00336","0.50","94829","319","94669","2946283","31.07"
"4704","1992","41","0.00412","0.00411","0.50","94510","388","94316","2851614","30.17"
"4705","1992","42","0.00397","0.00396","0.50","94122","373","93935","2757298","29.30"
"4706","1992","43","0.00513","0.00512","0.50","93749","480","93509","2663363","28.41"
"4707","1992","44","0.00516","0.00515","0.50","93269","480","93029","2569854","27.55"
"4708","1992","45","0.00575","0.00574","0.50","92789","532","92523","2476825","26.69"
"4709","1992","46","0.00645","0.00643","0.50","92257","593","91960","2384302","25.84"
"4710","1992","47","0.00708","0.00706","0.50","91664","647","91340","2292342","25.01"
"4711","1992","48","0.00782","0.00779","0.50","91017","709","90662","2201001","24.18"
"4712","1992","49","0.00860","0.00856","0.50","90308","773","89921","2110339","23.37"
"4713","1992","50","0.00888","0.00884","0.50","89534","792","89138","2020418","22.57"
"4714","1992","51","0.01005","0.01000","0.50","88742","888","88298","1931280","21.76"
"4715","1992","52","0.01133","0.01126","0.50","87855","990","87360","1842982","20.98"
"4716","1992","53","0.01272","0.01263","0.50","86865","1098","86316","1755622","20.21"
"4717","1992","54","0.01406","0.01397","0.50","85767","1198","85169","1669306","19.46"
"4718","1992","55","0.01490","0.01479","0.50","84570","1251","83944","1584137","18.73"
"4719","1992","56","0.01632","0.01618","0.50","83319","1348","82645","1500193","18.01"
"4720","1992","57","0.01687","0.01673","0.50","81971","1371","81285","1417548","17.29"
"4721","1992","58","0.02009","0.01989","0.50","80599","1603","79798","1336263","16.58"
"4722","1992","59","0.02213","0.02189","0.50","78996","1729","78131","1256466","15.91"
"4723","1992","60","0.02423","0.02394","0.50","77267","1850","76342","1178334","15.25"
"4724","1992","61","0.02606","0.02573","0.50","75417","1940","74447","1101993","14.61"
"4725","1992","62","0.02840","0.02800","0.50","73476","2058","72448","1027546","13.98"
"4726","1992","63","0.03035","0.02989","0.50","71419","2135","70351","955099","13.37"
"4727","1992","64","0.03406","0.03349","0.50","69284","2320","68124","884747","12.77"
"4728","1992","65","0.03655","0.03589","0.50","66963","2403","65762","816624","12.20"
"4729","1992","66","0.04062","0.03981","0.50","64560","2570","63275","750862","11.63"
"4730","1992","67","0.04326","0.04234","0.50","61990","2625","60677","687587","11.09"
"4731","1992","68","0.04968","0.04847","0.50","59365","2878","57926","626910","10.56"
"4732","1992","69","0.05266","0.05131","0.50","56487","2898","55038","568983","10.07"
"4733","1992","70","0.05556","0.05406","0.50","53589","2897","52141","513945","9.59"
"4734","1992","71","0.05889","0.05721","0.50","50692","2900","49242","461804","9.11"
"4735","1992","72","0.06639","0.06426","0.50","47792","3071","46257","412562","8.63"
"4736","1992","73","0.06850","0.06623","0.50","44721","2962","43240","366305","8.19"
"4737","1992","74","0.06909","0.06678","0.50","41759","2789","40365","323065","7.74"
"4738","1992","75","0.08055","0.07743","0.50","38971","3018","37462","282700","7.25"
"4739","1992","76","0.08509","0.08162","0.50","35953","2934","34486","245238","6.82"
"4740","1992","77","0.10977","0.10406","0.50","33019","3436","31301","210752","6.38"
"4741","1992","78","0.10877","0.10316","0.50","29583","3052","28057","179451","6.07"
"4742","1992","79","0.12047","0.11363","0.50","26531","3015","25024","151394","5.71"
"4743","1992","80","0.12663","0.11909","0.50","23517","2801","22116","126370","5.37"
"4744","1992","81","0.13792","0.12903","0.50","20716","2673","19380","104254","5.03"
"4745","1992","82","0.15574","0.14449","0.50","18043","2607","16740","84875","4.70"
"4746","1992","83","0.16340","0.15106","0.50","15436","2332","14270","68135","4.41"
"4747","1992","84","0.18141","0.16632","0.50","13104","2180","12015","53865","4.11"
"4748","1992","85","0.20405","0.18516","0.50","10925","2023","9913","41850","3.83"
"4749","1992","86","0.21783","0.19643","0.50","8902","1749","8028","31937","3.59"
"4750","1992","87","0.24517","0.21840","0.50","7153","1562","6372","23909","3.34"
"4751","1992","88","0.25738","0.22804","0.50","5591","1275","4954","17537","3.14"
"4752","1992","89","0.30471","0.26443","0.50","4316","1141","3745","12583","2.92"
"4753","1992","90","0.31617","0.27301","0.50","3175","867","2741","8838","2.78"
"4754","1992","91","0.32357","0.27851","0.50","2308","643","1987","6096","2.64"
"4755","1992","92","0.39515","0.32996","0.50","1665","549","1391","4110","2.47"
"4756","1992","93","0.32716","0.28117","0.50","1116","314","959","2719","2.44"
"4757","1992","94","0.41359","0.34272","0.50","802","275","665","1760","2.19"
"4758","1992","95","0.44141","0.36160","0.50","527","191","432","1096","2.08"
"4759","1992","96","0.46961","0.38031","0.50","337","128","273","664","1.97"
"4760","1992","97","0.49799","0.39872","0.50","209","83","167","391","1.88"
"4761","1992","98","0.52640","0.41672","0.50","125","52","99","224","1.79"
"4762","1992","99","0.55463","0.43421","0.50","73","32","57","125","1.71"
"4763","1992","100","0.58251","0.45112","0.50","41","19","32","68","1.64"
"4764","1992","101","0.60988","0.46736","0.50","23","11","17","36","1.57"
"4765","1992","102","0.63657","0.48288","0.50","12","6","9","18","1.51"
"4766","1992","103","0.66244","0.49762","0.50","6","3","5","9","1.46"
"4767","1992","104","0.68738","0.51156","0.50","3","2","2","4","1.41"
"4768","1992","105","0.71128","0.52468","0.50","2","1","1","2","1.37"
"4769","1992","106","0.73406","0.53697","0.50","1","0","1","1","1.33"
"4770","1992","107","0.75566","0.54844","0.50","0","0","0","0","1.30"
"4771","1992","108","0.77604","0.55910","0.50","0","0","0","0","1.27"
"4772","1992","109","0.79518","0.56896","0.50","0","0","0","0","1.25"
"4773","1992","110+","0.81308","1.00000","1.23","0","0","0","0","1.23"
"4774","1993","0","0.00971","0.00963","0.13","100000","963","99162","6924816","69.25"
"4775","1993","1","0.00081","0.00081","0.50","99037","80","98997","6825654","68.92"
"4776","1993","2","0.00037","0.00037","0.50","98957","37","98938","6726657","67.98"
"4777","1993","3","0.00031","0.00031","0.50","98920","31","98904","6627719","67.00"
"4778","1993","4","0.00031","0.00031","0.50","98889","30","98874","6528815","66.02"
"4779","1993","5","0.00026","0.00026","0.50","98859","26","98846","6429941","65.04"
"4780","1993","6","0.00025","0.00025","0.50","98833","25","98821","6331095","64.06"
"4781","1993","7","0.00025","0.00025","0.50","98808","25","98796","6232274","63.07"
"4782","1993","8","0.00019","0.00019","0.50","98783","19","98774","6133478","62.09"
"4783","1993","9","0.00040","0.00040","0.50","98764","40","98744","6034704","61.10"
"4784","1993","10","0.00020","0.00020","0.50","98724","20","98715","5935960","60.13"
"4785","1993","11","0.00015","0.00015","0.50","98705","15","98697","5837245","59.14"
"4786","1993","12","0.00020","0.00020","0.50","98690","20","98680","5738548","58.15"
"4787","1993","13","0.00031","0.00031","0.50","98670","30","98655","5639868","57.16"
"4788","1993","14","0.00041","0.00041","0.50","98639","41","98619","5541214","56.18"
"4789","1993","15","0.00044","0.00044","0.50","98599","43","98577","5442595","55.20"
"4790","1993","16","0.00060","0.00060","0.50","98556","59","98526","5344017","54.22"
"4791","1993","17","0.00090","0.00090","0.50","98497","89","98452","5245491","53.26"
"4792","1993","18","0.00106","0.00106","0.50","98408","104","98356","5147039","52.30"
"4793","1993","19","0.00125","0.00125","0.50","98304","123","98242","5048683","51.36"
"4794","1993","20","0.00116","0.00116","0.50","98181","114","98124","4950441","50.42"
"4795","1993","21","0.00119","0.00119","0.50","98067","117","98009","4852317","49.48"
"4796","1993","22","0.00107","0.00107","0.50","97950","105","97898","4754308","48.54"
"4797","1993","23","0.00155","0.00155","0.50","97845","151","97770","4656411","47.59"
"4798","1993","24","0.00120","0.00119","0.50","97694","117","97636","4558641","46.66"
"4799","1993","25","0.00135","0.00135","0.50","97577","132","97512","4461005","45.72"
"4800","1993","26","0.00123","0.00123","0.50","97446","120","97386","4363493","44.78"
"4801","1993","27","0.00101","0.00101","0.50","97326","99","97277","4266107","43.83"
"4802","1993","28","0.00113","0.00113","0.50","97227","110","97173","4168831","42.88"
"4803","1993","29","0.00120","0.00120","0.50","97118","116","97060","4071658","41.92"
"4804","1993","30","0.00157","0.00157","0.50","97002","152","96926","3974598","40.97"
"4805","1993","31","0.00163","0.00163","0.50","96850","158","96771","3877673","40.04"
"4806","1993","32","0.00150","0.00150","0.50","96692","145","96620","3780902","39.10"
"4807","1993","33","0.00159","0.00159","0.50","96547","153","96470","3684282","38.16"
"4808","1993","34","0.00172","0.00172","0.50","96394","166","96311","3587812","37.22"
"4809","1993","35","0.00169","0.00169","0.50","96228","162","96147","3491501","36.28"
"4810","1993","36","0.00221","0.00221","0.50","96065","212","95959","3395354","35.34"
"4811","1993","37","0.00207","0.00207","0.50","95853","198","95754","3299395","34.42"
"4812","1993","38","0.00262","0.00262","0.50","95655","250","95529","3203641","33.49"
"4813","1993","39","0.00285","0.00285","0.50","95404","272","95269","3108112","32.58"
"4814","1993","40","0.00304","0.00304","0.50","95133","289","94988","3012843","31.67"
"4815","1993","41","0.00346","0.00345","0.50","94844","328","94680","2917855","30.76"
"4816","1993","42","0.00348","0.00348","0.50","94517","329","94352","2823175","29.87"
"4817","1993","43","0.00414","0.00413","0.50","94188","389","93993","2728822","28.97"
"4818","1993","44","0.00466","0.00465","0.50","93799","436","93581","2634829","28.09"
"4819","1993","45","0.00551","0.00549","0.50","93363","513","93106","2541249","27.22"
"4820","1993","46","0.00562","0.00560","0.50","92850","520","92590","2448142","26.37"
"4821","1993","47","0.00650","0.00648","0.50","92330","598","92031","2355552","25.51"
"4822","1993","48","0.00690","0.00688","0.50","91732","631","91416","2263522","24.68"
"4823","1993","49","0.00833","0.00830","0.50","91101","756","90723","2172105","23.84"
"4824","1993","50","0.00923","0.00919","0.50","90345","830","89930","2081383","23.04"
"4825","1993","51","0.00936","0.00932","0.50","89515","834","89098","1991453","22.25"
"4826","1993","52","0.00998","0.00993","0.50","88681","880","88241","1902355","21.45"
"4827","1993","53","0.01167","0.01161","0.50","87800","1019","87291","1814115","20.66"
"4828","1993","54","0.01190","0.01183","0.50","86781","1027","86268","1726824","19.90"
"4829","1993","55","0.01563","0.01550","0.50","85754","1330","85090","1640556","19.13"
"4830","1993","56","0.01565","0.01553","0.50","84425","1311","83769","1555467","18.42"
"4831","1993","57","0.01655","0.01641","0.50","83114","1364","82432","1471697","17.71"
"4832","1993","58","0.01866","0.01849","0.50","81750","1512","80994","1389266","16.99"
"4833","1993","59","0.02092","0.02071","0.50","80238","1662","79407","1308272","16.30"
"4834","1993","60","0.02127","0.02105","0.50","78576","1654","77749","1228864","15.64"
"4835","1993","61","0.02486","0.02455","0.50","76923","1888","75978","1151115","14.96"
"4836","1993","62","0.02516","0.02485","0.50","75034","1864","74102","1075137","14.33"
"4837","1993","63","0.03097","0.03050","0.50","73170","2232","72054","1001035","13.68"
"4838","1993","64","0.03102","0.03055","0.50","70938","2167","69854","928981","13.10"
"4839","1993","65","0.03335","0.03280","0.50","68771","2256","67643","859127","12.49"
"4840","1993","66","0.03772","0.03703","0.50","66515","2463","65284","791484","11.90"
"4841","1993","67","0.03891","0.03817","0.50","64052","2445","62830","726200","11.34"
"4842","1993","68","0.04528","0.04428","0.50","61608","2728","60244","663370","10.77"
"4843","1993","69","0.04792","0.04680","0.50","58880","2756","57502","603126","10.24"
"4844","1993","70","0.05316","0.05179","0.50","56124","2906","54671","545624","9.72"
"4845","1993","71","0.06275","0.06085","0.50","53218","3238","51599","490953","9.23"
"4846","1993","72","0.06139","0.05956","0.50","49980","2977","48491","439355","8.79"
"4847","1993","73","0.06973","0.06738","0.50","47003","3167","45419","390863","8.32"
"4848","1993","74","0.07428","0.07162","0.50","43836","3140","42266","345444","7.88"
"4849","1993","75","0.07858","0.07561","0.50","40696","3077","39158","303178","7.45"
"4850","1993","76","0.08392","0.08054","0.50","37619","3030","36104","264020","7.02"
"4851","1993","77","0.08991","0.08605","0.50","34589","2976","33101","227916","6.59"
"4852","1993","78","0.10783","0.10232","0.50","31613","3235","29996","194815","6.16"
"4853","1993","79","0.11260","0.10660","0.50","28378","3025","26866","164819","5.81"
"4854","1993","80","0.12905","0.12123","0.50","25353","3074","23816","137953","5.44"
"4855","1993","81","0.13372","0.12534","0.50","22280","2793","20883","114137","5.12"
"4856","1993","82","0.15314","0.14225","0.50","19487","2772","18101","93253","4.79"
"4857","1993","83","0.16359","0.15122","0.50","16715","2528","15451","75152","4.50"
"4858","1993","84","0.17541","0.16127","0.50","14187","2288","13043","59701","4.21"
"4859","1993","85","0.18910","0.17276","0.50","11899","2056","10872","46658","3.92"
"4860","1993","86","0.21843","0.19692","0.50","9844","1938","8874","35786","3.64"
"4861","1993","87","0.24273","0.21646","0.50","7905","1711","7050","26912","3.40"
"4862","1993","88","0.26259","0.23212","0.50","6194","1438","5475","19862","3.21"
"4863","1993","89","0.25947","0.22967","0.50","4756","1092","4210","14387","3.02"
"4864","1993","90","0.32478","0.27941","0.50","3664","1024","3152","10177","2.78"
"4865","1993","91","0.33929","0.29008","0.50","2640","766","2257","7025","2.66"
"4866","1993","92","0.36936","0.31178","0.50","1874","584","1582","4767","2.54"
"4867","1993","93","0.33803","0.28915","0.50","1290","373","1103","3185","2.47"
"4868","1993","94","0.39839","0.33222","0.50","917","305","765","2082","2.27"
"4869","1993","95","0.42496","0.35049","0.50","612","215","505","1317","2.15"
"4870","1993","96","0.45197","0.36866","0.50","398","147","324","812","2.04"
"4871","1993","97","0.47927","0.38662","0.50","251","97","203","488","1.94"
"4872","1993","98","0.50669","0.40427","0.50","154","62","123","285","1.85"
"4873","1993","99","0.53407","0.42151","0.50","92","39","72","162","1.77"
"4874","1993","100","0.56125","0.43826","0.50","53","23","41","90","1.69"
"4875","1993","101","0.58806","0.45444","0.50","30","14","23","48","1.63"
"4876","1993","102","0.61436","0.46999","0.50","16","8","12","25","1.56"
"4877","1993","103","0.64001","0.48485","0.50","9","4","7","13","1.51"
"4878","1993","104","0.66488","0.49900","0.50","4","2","3","6","1.46"
"4879","1993","105","0.68888","0.51239","0.50","2","1","2","3","1.41"
"4880","1993","106","0.71189","0.52502","0.50","1","1","1","1","1.37"
"4881","1993","107","0.73387","0.53687","0.50","1","0","0","1","1.34"
"4882","1993","108","0.75474","0.54796","0.50","0","0","0","0","1.30"
"4883","1993","109","0.77448","0.55829","0.50","0","0","0","0","1.28"
"4884","1993","110+","0.79307","1.00000","1.26","0","0","0","0","1.26"
"4885","1994","0","0.00830","0.00824","0.13","100000","824","99285","6949011","69.49"
"4886","1994","1","0.00086","0.00086","0.50","99176","85","99133","6849725","69.07"
"4887","1994","2","0.00049","0.00049","0.50","99091","49","99067","6750592","68.13"
"4888","1994","3","0.00042","0.00042","0.50","99042","42","99021","6651525","67.16"
"4889","1994","4","0.00034","0.00034","0.50","99001","34","98984","6552504","66.19"
"4890","1994","5","0.00029","0.00029","0.50","98967","29","98953","6453520","65.21"
"4891","1994","6","0.00024","0.00024","0.50","98938","24","98926","6354567","64.23"
"4892","1994","7","0.00027","0.00027","0.50","98914","27","98901","6255641","63.24"
"4893","1994","8","0.00030","0.00030","0.50","98888","29","98873","6156740","62.26"
"4894","1994","9","0.00028","0.00028","0.50","98858","28","98845","6057867","61.28"
"4895","1994","10","0.00023","0.00023","0.50","98831","23","98819","5959022","60.30"
"4896","1994","11","0.00030","0.00030","0.50","98808","30","98793","5860203","59.31"
"4897","1994","12","0.00026","0.00026","0.50","98778","26","98765","5761410","58.33"
"4898","1994","13","0.00024","0.00024","0.50","98752","24","98740","5662644","57.34"
"4899","1994","14","0.00040","0.00040","0.50","98728","40","98708","5563904","56.36"
"4900","1994","15","0.00059","0.00059","0.50","98688","59","98659","5465196","55.38"
"4901","1994","16","0.00064","0.00064","0.50","98630","63","98598","5366537","54.41"
"4902","1994","17","0.00091","0.00091","0.50","98567","90","98522","5267938","53.45"
"4903","1994","18","0.00093","0.00093","0.50","98478","91","98432","5169416","52.49"
"4904","1994","19","0.00104","0.00104","0.50","98386","102","98335","5070984","51.54"
"4905","1994","20","0.00136","0.00136","0.50","98284","134","98217","4972648","50.59"
"4906","1994","21","0.00112","0.00112","0.50","98150","110","98095","4874431","49.66"
"4907","1994","22","0.00115","0.00115","0.50","98041","113","97984","4776336","48.72"
"4908","1994","23","0.00121","0.00120","0.50","97928","118","97869","4678352","47.77"
"4909","1994","24","0.00124","0.00124","0.50","97810","121","97749","4580483","46.83"
"4910","1994","25","0.00106","0.00106","0.50","97689","104","97637","4482734","45.89"
"4911","1994","26","0.00138","0.00138","0.50","97585","134","97517","4385097","44.94"
"4912","1994","27","0.00142","0.00142","0.50","97450","138","97381","4287580","44.00"
"4913","1994","28","0.00143","0.00143","0.50","97312","139","97243","4190198","43.06"
"4914","1994","29","0.00124","0.00124","0.50","97173","120","97113","4092956","42.12"
"4915","1994","30","0.00145","0.00145","0.50","97053","141","96983","3995842","41.17"
"4916","1994","31","0.00155","0.00155","0.50","96913","150","96837","3898860","40.23"
"4917","1994","32","0.00172","0.00172","0.50","96762","166","96679","3802022","39.29"
"4918","1994","33","0.00132","0.00132","0.50","96596","127","96533","3705343","38.36"
"4919","1994","34","0.00164","0.00163","0.50","96469","158","96390","3608810","37.41"
"4920","1994","35","0.00166","0.00166","0.50","96311","160","96231","3512420","36.47"
"4921","1994","36","0.00188","0.00188","0.50","96152","181","96061","3416189","35.53"
"4922","1994","37","0.00216","0.00216","0.50","95971","207","95867","3320128","34.60"
"4923","1994","38","0.00273","0.00273","0.50","95763","261","95633","3224261","33.67"
"4924","1994","39","0.00279","0.00278","0.50","95502","266","95369","3128628","32.76"
"4925","1994","40","0.00287","0.00286","0.50","95236","273","95100","3033259","31.85"
"4926","1994","41","0.00374","0.00373","0.50","94963","354","94786","2938159","30.94"
"4927","1994","42","0.00364","0.00363","0.50","94609","344","94437","2843373","30.05"
"4928","1994","43","0.00412","0.00411","0.50","94266","387","94072","2748935","29.16"
"4929","1994","44","0.00446","0.00445","0.50","93878","418","93669","2654864","28.28"
"4930","1994","45","0.00474","0.00473","0.50","93460","442","93239","2561195","27.40"
"4931","1994","46","0.00566","0.00564","0.50","93018","525","92756","2467955","26.53"
"4932","1994","47","0.00698","0.00696","0.50","92493","644","92171","2375200","25.68"
"4933","1994","48","0.00714","0.00712","0.50","91849","654","91523","2283028","24.86"
"4934","1994","49","0.00835","0.00831","0.50","91196","758","90817","2191506","24.03"
"4935","1994","50","0.00886","0.00882","0.50","90438","798","90039","2100689","23.23"
"4936","1994","51","0.00937","0.00933","0.50","89640","836","89222","2010651","22.43"
"4937","1994","52","0.01043","0.01037","0.50","88804","921","88343","1921429","21.64"
"4938","1994","53","0.01143","0.01137","0.50","87883","999","87383","1833085","20.86"
"4939","1994","54","0.01325","0.01317","0.50","86884","1144","86312","1745702","20.09"
"4940","1994","55","0.01404","0.01394","0.50","85740","1196","85142","1659391","19.35"
"4941","1994","56","0.01467","0.01457","0.50","84544","1231","83928","1574249","18.62"
"4942","1994","57","0.01685","0.01670","0.50","83313","1392","82617","1490320","17.89"
"4943","1994","58","0.01845","0.01828","0.50","81921","1497","81172","1407703","17.18"
"4944","1994","59","0.01956","0.01937","0.50","80424","1558","79645","1326531","16.49"
"4945","1994","60","0.02161","0.02138","0.50","78866","1686","78023","1246886","15.81"
"4946","1994","61","0.02320","0.02294","0.50","77180","1770","76295","1168863","15.14"
"4947","1994","62","0.02611","0.02577","0.50","75409","1944","74438","1092569","14.49"
"4948","1994","63","0.02918","0.02876","0.50","73466","2113","72410","1018131","13.86"
"4949","1994","64","0.03026","0.02981","0.50","71353","2127","70290","945721","13.25"
"4950","1994","65","0.03240","0.03188","0.50","69226","2207","68123","875432","12.65"
"4951","1994","66","0.03517","0.03456","0.50","67019","2316","65861","807309","12.05"
"4952","1994","67","0.03886","0.03812","0.50","64703","2467","63470","741448","11.46"
"4953","1994","68","0.04409","0.04314","0.50","62237","2685","60894","677978","10.89"
"4954","1994","69","0.04874","0.04758","0.50","59552","2834","58135","617084","10.36"
"4955","1994","70","0.05286","0.05150","0.50","56718","2921","55258","558949","9.85"
"4956","1994","71","0.05708","0.05550","0.50","53797","2985","52304","503691","9.36"
"4957","1994","72","0.06219","0.06031","0.50","50812","3065","49279","451387","8.88"
"4958","1994","73","0.06935","0.06703","0.50","47747","3200","46147","402108","8.42"
"4959","1994","74","0.07347","0.07087","0.50","44547","3157","42968","355961","7.99"
"4960","1994","75","0.07705","0.07419","0.50","41390","3071","39854","312993","7.56"
"4961","1994","76","0.08039","0.07728","0.50","38319","2961","36838","273139","7.13"
"4962","1994","77","0.09436","0.09011","0.50","35357","3186","33764","236301","6.68"
"4963","1994","78","0.09751","0.09298","0.50","32171","2991","30676","202536","6.30"
"4964","1994","79","0.11729","0.11079","0.50","29180","3233","27564","171860","5.89"
"4965","1994","80","0.12364","0.11644","0.50","25947","3021","24437","144297","5.56"
"4966","1994","81","0.12344","0.11626","0.50","22926","2665","21593","119860","5.23"
"4967","1994","82","0.15043","0.13991","0.50","20261","2835","18843","98267","4.85"
"4968","1994","83","0.16037","0.14847","0.50","17426","2587","16132","79423","4.56"
"4969","1994","84","0.16973","0.15645","0.50","14839","2322","13678","63291","4.27"
"4970","1994","85","0.18650","0.17059","0.50","12517","2135","11450","49613","3.96"
"4971","1994","86","0.21404","0.19335","0.50","10382","2007","9378","38164","3.68"
"4972","1994","87","0.22966","0.20601","0.50","8375","1725","7512","28785","3.44"
"4973","1994","88","0.26369","0.23297","0.50","6649","1549","5875","21273","3.20"
"4974","1994","89","0.26113","0.23097","0.50","5100","1178","4511","15398","3.02"
"4975","1994","90","0.29890","0.26004","0.50","3922","1020","3412","10887","2.78"
"4976","1994","91","0.34510","0.29432","0.50","2902","854","2475","7475","2.58"
"4977","1994","92","0.35460","0.30120","0.50","2048","617","1740","5000","2.44"
"4978","1994","93","0.36322","0.30740","0.50","1431","440","1211","3260","2.28"
"4979","1994","94","0.49868","0.39915","0.50","991","396","793","2049","2.07"
"4980","1994","95","0.43336","0.35618","0.50","596","212","490","1255","2.11"
"4981","1994","96","0.46206","0.37534","0.50","383","144","311","766","2.00"
"4982","1994","97","0.49101","0.39422","0.50","240","94","192","454","1.90"
"4983","1994","98","0.52002","0.41271","0.50","145","60","115","262","1.81"
"4984","1994","99","0.54890","0.43069","0.50","85","37","67","147","1.72"
"4985","1994","100","0.57745","0.44808","0.50","49","22","38","80","1.65"
"4986","1994","101","0.60549","0.46478","0.50","27","12","21","42","1.58"
"4987","1994","102","0.63286","0.48074","0.50","14","7","11","22","1.52"
"4988","1994","103","0.65939","0.49590","0.50","7","4","6","11","1.47"
"4989","1994","104","0.68497","0.51022","0.50","4","2","3","5","1.42"
"4990","1994","105","0.70946","0.52369","0.50","2","1","1","3","1.37"
"4991","1994","106","0.73280","0.53630","0.50","1","0","1","1","1.33"
"4992","1994","107","0.75491","0.54805","0.50","0","0","0","1","1.30"
"4993","1994","108","0.77575","0.55895","0.50","0","0","0","0","1.27"
"4994","1994","109","0.79530","0.56902","0.50","0","0","0","0","1.25"
"4995","1994","110+","0.81355","1.00000","1.23","0","0","0","0","1.23"
"4996","1995","0","0.00861","0.00854","0.13","100000","854","99259","6966492","69.66"
"4997","1995","1","0.00060","0.00060","0.50","99146","59","99116","6867233","69.26"
"4998","1995","2","0.00040","0.00040","0.50","99086","40","99066","6768117","68.31"
"4999","1995","3","0.00036","0.00036","0.50","99046","36","99028","6669051","67.33"
"5000","1995","4","0.00021","0.00021","0.50","99010","21","99000","6570023","66.36"
"5001","1995","5","0.00028","0.00028","0.50","98989","28","98976","6471023","65.37"
"5002","1995","6","0.00034","0.00034","0.50","98962","33","98945","6372048","64.39"
"5003","1995","7","0.00017","0.00017","0.50","98929","17","98920","6273102","63.41"
"5004","1995","8","0.00033","0.00033","0.50","98912","32","98896","6174182","62.42"
"5005","1995","9","0.00022","0.00022","0.50","98880","22","98869","6075286","61.44"
"5006","1995","10","0.00021","0.00021","0.50","98858","20","98848","5976417","60.45"
"5007","1995","11","0.00022","0.00022","0.50","98837","21","98827","5877570","59.47"
"5008","1995","12","0.00029","0.00029","0.50","98816","28","98802","5778743","58.48"
"5009","1995","13","0.00017","0.00017","0.50","98788","16","98779","5679941","57.50"
"5010","1995","14","0.00031","0.00031","0.50","98771","31","98756","5581162","56.51"
"5011","1995","15","0.00047","0.00047","0.50","98741","46","98718","5482406","55.52"
"5012","1995","16","0.00057","0.00057","0.50","98695","56","98667","5383688","54.55"
"5013","1995","17","0.00084","0.00084","0.50","98638","83","98597","5285021","53.58"
"5014","1995","18","0.00124","0.00124","0.50","98556","122","98495","5186424","52.62"
"5015","1995","19","0.00116","0.00116","0.50","98434","114","98377","5087929","51.69"
"5016","1995","20","0.00085","0.00085","0.50","98320","84","98278","4989552","50.75"
"5017","1995","21","0.00111","0.00111","0.50","98236","109","98182","4891275","49.79"
"5018","1995","22","0.00127","0.00127","0.50","98127","124","98065","4793093","48.85"
"5019","1995","23","0.00114","0.00114","0.50","98003","112","97947","4695028","47.91"
"5020","1995","24","0.00118","0.00118","0.50","97891","115","97833","4597081","46.96"
"5021","1995","25","0.00137","0.00136","0.50","97776","133","97709","4499248","46.02"
"5022","1995","26","0.00118","0.00118","0.50","97642","115","97585","4401539","45.08"
"5023","1995","27","0.00105","0.00105","0.50","97527","103","97476","4303954","44.13"
"5024","1995","28","0.00120","0.00120","0.50","97424","117","97366","4206479","43.18"
"5025","1995","29","0.00118","0.00118","0.50","97307","115","97250","4109113","42.23"
"5026","1995","30","0.00129","0.00129","0.50","97192","125","97129","4011863","41.28"
"5027","1995","31","0.00140","0.00140","0.50","97067","135","96999","3914734","40.33"
"5028","1995","32","0.00161","0.00161","0.50","96931","156","96853","3817735","39.39"
"5029","1995","33","0.00154","0.00153","0.50","96775","149","96701","3720881","38.45"
"5030","1995","34","0.00179","0.00179","0.50","96627","173","96541","3624180","37.51"
"5031","1995","35","0.00187","0.00187","0.50","96454","180","96364","3527640","36.57"
"5032","1995","36","0.00222","0.00222","0.50","96274","213","96167","3431275","35.64"
"5033","1995","37","0.00193","0.00192","0.50","96060","185","95968","3335108","34.72"
"5034","1995","38","0.00253","0.00253","0.50","95876","243","95754","3239140","33.78"
"5035","1995","39","0.00293","0.00293","0.50","95633","280","95493","3143386","32.87"
"5036","1995","40","0.00317","0.00317","0.50","95353","302","95202","3047893","31.96"
"5037","1995","41","0.00298","0.00297","0.50","95051","282","94910","2952691","31.06"
"5038","1995","42","0.00385","0.00384","0.50","94769","364","94587","2857781","30.16"
"5039","1995","43","0.00427","0.00426","0.50","94405","402","94204","2763194","29.27"
"5040","1995","44","0.00442","0.00441","0.50","94003","415","93795","2668990","28.39"
"5041","1995","45","0.00491","0.00490","0.50","93588","459","93359","2575194","27.52"
"5042","1995","46","0.00552","0.00550","0.50","93129","512","92873","2481836","26.65"
"5043","1995","47","0.00638","0.00636","0.50","92617","589","92323","2388962","25.79"
"5044","1995","48","0.00677","0.00674","0.50","92028","621","91718","2296640","24.96"
"5045","1995","49","0.00763","0.00760","0.50","91407","695","91060","2204922","24.12"
"5046","1995","50","0.00809","0.00806","0.50","90712","731","90347","2113862","23.30"
"5047","1995","51","0.00950","0.00945","0.50","89981","850","89556","2023515","22.49"
"5048","1995","52","0.00972","0.00967","0.50","89131","862","88700","1933959","21.70"
"5049","1995","53","0.01200","0.01193","0.50","88269","1053","87742","1845259","20.90"
"5050","1995","54","0.01298","0.01290","0.50","87216","1125","86653","1757517","20.15"
"5051","1995","55","0.01276","0.01268","0.50","86091","1092","85545","1670863","19.41"
"5052","1995","56","0.01501","0.01490","0.50","84999","1267","84366","1585318","18.65"
"5053","1995","57","0.01584","0.01572","0.50","83733","1316","83075","1500952","17.93"
"5054","1995","58","0.01760","0.01744","0.50","82417","1438","81698","1417877","17.20"
"5055","1995","59","0.01897","0.01879","0.50","80979","1522","80218","1336180","16.50"
"5056","1995","60","0.02097","0.02075","0.50","79457","1649","78633","1255962","15.81"
"5057","1995","61","0.02342","0.02315","0.50","77809","1801","76908","1177329","15.13"
"5058","1995","62","0.02568","0.02536","0.50","76007","1927","75043","1100421","14.48"
"5059","1995","63","0.02746","0.02709","0.50","74080","2007","73076","1025378","13.84"
"5060","1995","64","0.03068","0.03022","0.50","72073","2178","70984","952301","13.21"
"5061","1995","65","0.03449","0.03391","0.50","69895","2370","68710","881317","12.61"
"5062","1995","66","0.03633","0.03569","0.50","67525","2410","66320","812607","12.03"
"5063","1995","67","0.03838","0.03765","0.50","65115","2452","63890","746287","11.46"
"5064","1995","68","0.04212","0.04125","0.50","62664","2585","61371","682398","10.89"
"5065","1995","69","0.04771","0.04660","0.50","60079","2800","58679","621026","10.34"
"5066","1995","70","0.04983","0.04861","0.50","57279","2785","55887","562347","9.82"
"5067","1995","71","0.05878","0.05710","0.50","54495","3112","52939","506460","9.29"
"5068","1995","72","0.06518","0.06312","0.50","51383","3243","49761","453521","8.83"
"5069","1995","73","0.06880","0.06651","0.50","48139","3202","46539","403760","8.39"
"5070","1995","74","0.07371","0.07109","0.50","44938","3195","43340","357222","7.95"
"5071","1995","75","0.08008","0.07700","0.50","41743","3214","40136","313881","7.52"
"5072","1995","76","0.08540","0.08190","0.50","38529","3156","36951","273745","7.10"
"5073","1995","77","0.09086","0.08691","0.50","35373","3074","33836","236794","6.69"
"5074","1995","78","0.09876","0.09411","0.50","32299","3040","30779","202958","6.28"
"5075","1995","79","0.10428","0.09911","0.50","29259","2900","27809","172179","5.88"
"5076","1995","80","0.12456","0.11726","0.50","26359","3091","24814","144369","5.48"
"5077","1995","81","0.13964","0.13052","0.50","23268","3037","21750","119555","5.14"
"5078","1995","82","0.14457","0.13482","0.50","20231","2728","18868","97805","4.83"
"5079","1995","83","0.16630","0.15353","0.50","17504","2687","16160","78938","4.51"
"5080","1995","84","0.17262","0.15890","0.50","14816","2354","13639","62778","4.24"
"5081","1995","85","0.19053","0.17396","0.50","12462","2168","11378","49139","3.94"
"5082","1995","86","0.20931","0.18948","0.50","10294","1951","9319","37760","3.67"
"5083","1995","87","0.24309","0.21674","0.50","8344","1808","7439","28442","3.41"
"5084","1995","88","0.26327","0.23265","0.50","6535","1520","5775","21002","3.21"
"5085","1995","89","0.28680","0.25083","0.50","5015","1258","4386","15227","3.04"
"5086","1995","90","0.28854","0.25216","0.50","3757","947","3283","10841","2.89"
"5087","1995","91","0.33317","0.28560","0.50","2810","802","2408","7558","2.69"
"5088","1995","92","0.34360","0.29322","0.50","2007","589","1713","5150","2.57"
"5089","1995","93","0.36346","0.30757","0.50","1419","436","1200","3437","2.42"
"5090","1995","94","0.39689","0.33117","0.50","982","325","820","2236","2.28"
"5091","1995","95","0.42355","0.34953","0.50","657","230","542","1417","2.16"
"5092","1995","96","0.45067","0.36779","0.50","427","157","349","875","2.05"
"5093","1995","97","0.47808","0.38585","0.50","270","104","218","526","1.95"
"5094","1995","98","0.50562","0.40359","0.50","166","67","132","308","1.85"
"5095","1995","99","0.53313","0.42093","0.50","99","42","78","175","1.77"
"5096","1995","100","0.56044","0.43777","0.50","57","25","45","97","1.70"
"5097","1995","101","0.58739","0.45404","0.50","32","15","25","52","1.63"
"5098","1995","102","0.61383","0.46968","0.50","18","8","13","28","1.57"
"5099","1995","103","0.63961","0.48463","0.50","9","5","7","14","1.51"
"5100","1995","104","0.66461","0.49884","0.50","5","2","4","7","1.46"
"5101","1995","105","0.68872","0.51230","0.50","2","1","2","3","1.41"
"5102","1995","106","0.71185","0.52499","0.50","1","1","1","2","1.37"
"5103","1995","107","0.73392","0.53690","0.50","1","0","0","1","1.34"
"5104","1995","108","0.75489","0.54804","0.50","0","0","0","0","1.30"
"5105","1995","109","0.77471","0.55841","0.50","0","0","0","0","1.28"
"5106","1995","110+","0.79336","1.00000","1.26","0","0","0","0","1.26"
"5107","1996","0","0.00610","0.00606","0.14","100000","606","99477","7030610","70.31"
"5108","1996","1","0.00057","0.00057","0.50","99394","57","99365","6931133","69.73"
"5109","1996","2","0.00019","0.00019","0.50","99337","19","99328","6831767","68.77"
"5110","1996","3","0.00045","0.00045","0.50","99318","45","99296","6732440","67.79"
"5111","1996","4","0.00032","0.00032","0.50","99273","31","99258","6633144","66.82"
"5112","1996","5","0.00022","0.00022","0.50","99242","22","99231","6533886","65.84"
"5113","1996","6","0.00026","0.00026","0.50","99220","26","99207","6434656","64.85"
"5114","1996","7","0.00021","0.00021","0.50","99194","21","99183","6335449","63.87"
"5115","1996","8","0.00030","0.00030","0.50","99172","30","99157","6236266","62.88"
"5116","1996","9","0.00024","0.00024","0.50","99142","24","99130","6137109","61.90"
"5117","1996","10","0.00027","0.00027","0.50","99119","26","99105","6037978","60.92"
"5118","1996","11","0.00015","0.00015","0.50","99092","15","99085","5938873","59.93"
"5119","1996","12","0.00039","0.00039","0.50","99078","39","99058","5839788","58.94"
"5120","1996","13","0.00013","0.00013","0.50","99039","13","99033","5740729","57.96"
"5121","1996","14","0.00019","0.00019","0.50","99026","19","99017","5641697","56.97"
"5122","1996","15","0.00047","0.00047","0.50","99007","47","98984","5542680","55.98"
"5123","1996","16","0.00062","0.00062","0.50","98961","62","98930","5443696","55.01"
"5124","1996","17","0.00087","0.00087","0.50","98899","86","98856","5344767","54.04"
"5125","1996","18","0.00096","0.00096","0.50","98813","95","98766","5245911","53.09"
"5126","1996","19","0.00102","0.00102","0.50","98718","101","98668","5147145","52.14"
"5127","1996","20","0.00085","0.00085","0.50","98618","84","98576","5048477","51.19"
"5128","1996","21","0.00105","0.00105","0.50","98533","104","98482","4949902","50.24"
"5129","1996","22","0.00083","0.00083","0.50","98430","81","98389","4851420","49.29"
"5130","1996","23","0.00098","0.00098","0.50","98349","96","98300","4753031","48.33"
"5131","1996","24","0.00094","0.00094","0.50","98252","92","98206","4654730","47.38"
"5132","1996","25","0.00129","0.00129","0.50","98160","126","98097","4556524","46.42"
"5133","1996","26","0.00092","0.00092","0.50","98034","90","97989","4458427","45.48"
"5134","1996","27","0.00115","0.00115","0.50","97944","113","97888","4360438","44.52"
"5135","1996","28","0.00132","0.00132","0.50","97832","129","97767","4262550","43.57"
"5136","1996","29","0.00113","0.00113","0.50","97703","110","97648","4164782","42.63"
"5137","1996","30","0.00123","0.00123","0.50","97593","120","97533","4067135","41.67"
"5138","1996","31","0.00121","0.00121","0.50","97473","118","97414","3969602","40.73"
"5139","1996","32","0.00152","0.00151","0.50","97355","147","97281","3872188","39.77"
"5140","1996","33","0.00160","0.00159","0.50","97208","155","97130","3774907","38.83"
"5141","1996","34","0.00147","0.00147","0.50","97053","143","96981","3677777","37.89"
"5142","1996","35","0.00169","0.00169","0.50","96910","164","96828","3580796","36.95"
"5143","1996","36","0.00187","0.00187","0.50","96746","181","96655","3483968","36.01"
"5144","1996","37","0.00213","0.00213","0.50","96565","205","96462","3387313","35.08"
"5145","1996","38","0.00248","0.00247","0.50","96359","238","96240","3290851","34.15"
"5146","1996","39","0.00267","0.00267","0.50","96121","256","95993","3194611","33.24"
"5147","1996","40","0.00300","0.00299","0.50","95865","287","95721","3098618","32.32"
"5148","1996","41","0.00307","0.00306","0.50","95577","293","95431","3002897","31.42"
"5149","1996","42","0.00318","0.00318","0.50","95285","303","95133","2907466","30.51"
"5150","1996","43","0.00367","0.00367","0.50","94982","348","94808","2812333","29.61"
"5151","1996","44","0.00467","0.00466","0.50","94634","441","94413","2717525","28.72"
"5152","1996","45","0.00495","0.00494","0.50","94193","465","93960","2623111","27.85"
"5153","1996","46","0.00527","0.00526","0.50","93728","493","93482","2529151","26.98"
"5154","1996","47","0.00610","0.00609","0.50","93235","567","92952","2435669","26.12"
"5155","1996","48","0.00671","0.00669","0.50","92668","620","92358","2342717","25.28"
"5156","1996","49","0.00720","0.00717","0.50","92048","660","91718","2250359","24.45"
"5157","1996","50","0.00852","0.00848","0.50","91388","775","91000","2158641","23.62"
"5158","1996","51","0.00938","0.00934","0.50","90613","846","90190","2067641","22.82"
"5159","1996","52","0.01094","0.01088","0.50","89767","977","89278","1977451","22.03"
"5160","1996","53","0.01159","0.01153","0.50","88789","1024","88278","1888173","21.27"
"5161","1996","54","0.01180","0.01173","0.50","87766","1030","87251","1799895","20.51"
"5162","1996","55","0.01334","0.01325","0.50","86736","1149","86162","1712644","19.75"
"5163","1996","56","0.01474","0.01464","0.50","85587","1253","84960","1626483","19.00"
"5164","1996","57","0.01534","0.01523","0.50","84334","1284","83692","1541522","18.28"
"5165","1996","58","0.01659","0.01645","0.50","83050","1366","82367","1457830","17.55"
"5166","1996","59","0.01876","0.01859","0.50","81684","1518","80925","1375463","16.84"
"5167","1996","60","0.02370","0.02342","0.50","80165","1878","79227","1294539","16.15"
"5168","1996","61","0.02110","0.02088","0.50","78288","1635","77470","1215312","15.52"
"5169","1996","62","0.02616","0.02582","0.50","76653","1979","75663","1137842","14.84"
"5170","1996","63","0.02686","0.02650","0.50","74674","1979","73684","1062179","14.22"
"5171","1996","64","0.02957","0.02913","0.50","72695","2118","71636","988495","13.60"
"5172","1996","65","0.03274","0.03221","0.50","70577","2274","69440","916859","12.99"
"5173","1996","66","0.03399","0.03342","0.50","68303","2283","67162","847419","12.41"
"5174","1996","67","0.03766","0.03697","0.50","66020","2441","64800","780257","11.82"
"5175","1996","68","0.04025","0.03946","0.50","63580","2509","62325","715457","11.25"
"5176","1996","69","0.04597","0.04494","0.50","61071","2744","59699","653132","10.69"
"5177","1996","70","0.04990","0.04869","0.50","58327","2840","56907","593433","10.17"
"5178","1996","71","0.05432","0.05289","0.50","55487","2934","54020","536527","9.67"
"5179","1996","72","0.05863","0.05696","0.50","52552","2993","51056","482507","9.18"
"5180","1996","73","0.06406","0.06207","0.50","49559","3076","48021","431451","8.71"
"5181","1996","74","0.07043","0.06803","0.50","46483","3162","44902","383430","8.25"
"5182","1996","75","0.07255","0.07001","0.50","43321","3033","41804","338529","7.81"
"5183","1996","76","0.08197","0.07874","0.50","40288","3172","38702","296725","7.37"
"5184","1996","77","0.08819","0.08446","0.50","37115","3135","35548","258023","6.95"
"5185","1996","78","0.09453","0.09026","0.50","33981","3067","32447","222475","6.55"
"5186","1996","79","0.10514","0.09989","0.50","30913","3088","29369","190028","6.15"
"5187","1996","80","0.11145","0.10557","0.50","27826","2938","26357","160659","5.77"
"5188","1996","81","0.12836","0.12062","0.50","24888","3002","23387","134302","5.40"
"5189","1996","82","0.13565","0.12704","0.50","21886","2780","20496","110915","5.07"
"5190","1996","83","0.15262","0.14180","0.50","19106","2709","17751","90419","4.73"
"5191","1996","84","0.16902","0.15585","0.50","16397","2555","15119","72668","4.43"
"5192","1996","85","0.18139","0.16631","0.50","13841","2302","12690","57549","4.16"
"5193","1996","86","0.19730","0.17958","0.50","11539","2072","10503","44858","3.89"
"5194","1996","87","0.21887","0.19728","0.50","9467","1868","8533","34355","3.63"
"5195","1996","88","0.24300","0.21668","0.50","7599","1647","6776","25822","3.40"
"5196","1996","89","0.25559","0.22663","0.50","5953","1349","5278","19046","3.20"
"5197","1996","90","0.29547","0.25743","0.50","4604","1185","4011","13768","2.99"
"5198","1996","91","0.28584","0.25009","0.50","3419","855","2991","9756","2.85"
"5199","1996","92","0.32919","0.28266","0.50","2564","725","2201","6765","2.64"
"5200","1996","93","0.35165","0.29906","0.50","1839","550","1564","4564","2.48"
"5201","1996","94","0.39620","0.33069","0.50","1289","426","1076","3000","2.33"
"5202","1996","95","0.40633","0.33772","0.50","863","291","717","1924","2.23"
"5203","1996","96","0.43355","0.35631","0.50","571","204","470","1207","2.11"
"5204","1996","97","0.46118","0.37476","0.50","368","138","299","737","2.01"
"5205","1996","98","0.48905","0.39296","0.50","230","90","185","439","1.91"
"5206","1996","99","0.51699","0.41080","0.50","140","57","111","254","1.82"
"5207","1996","100","0.54482","0.42818","0.50","82","35","65","143","1.74"
"5208","1996","101","0.57238","0.44502","0.50","47","21","37","78","1.66"
"5209","1996","102","0.59949","0.46124","0.50","26","12","20","42","1.60"
"5210","1996","103","0.62601","0.47678","0.50","14","7","11","22","1.54"
"5211","1996","104","0.65179","0.49159","0.50","7","4","6","11","1.48"
"5212","1996","105","0.67671","0.50563","0.50","4","2","3","5","1.43"
"5213","1996","106","0.70067","0.51889","0.50","2","1","1","3","1.39"
"5214","1996","107","0.72358","0.53134","0.50","1","0","1","1","1.35"
"5215","1996","108","0.74537","0.54300","0.50","0","0","0","1","1.32"
"5216","1996","109","0.76600","0.55387","0.50","0","0","0","0","1.29"
"5217","1996","110+","0.78544","1.00000","1.27","0","0","0","0","1.27"
"5218","1997","0","0.00633","0.00630","0.14","100000","630","99456","7042492","70.42"
"5219","1997","1","0.00055","0.00055","0.50","99370","54","99343","6943036","69.87"
"5220","1997","2","0.00063","0.00063","0.50","99316","62","99285","6843693","68.91"
"5221","1997","3","0.00022","0.00022","0.50","99253","22","99242","6744408","67.95"
"5222","1997","4","0.00026","0.00026","0.50","99231","26","99219","6645166","66.97"
"5223","1997","5","0.00024","0.00024","0.50","99206","24","99194","6545947","65.98"
"5224","1997","6","0.00019","0.00019","0.50","99182","19","99172","6446754","65.00"
"5225","1997","7","0.00023","0.00023","0.50","99163","23","99151","6347581","64.01"
"5226","1997","8","0.00018","0.00018","0.50","99140","18","99131","6248430","63.03"
"5227","1997","9","0.00018","0.00018","0.50","99122","18","99113","6149299","62.04"
"5228","1997","10","0.00030","0.00030","0.50","99104","30","99089","6050186","61.05"
"5229","1997","11","0.00007","0.00007","0.50","99074","7","99071","5951097","60.07"
"5230","1997","12","0.00032","0.00032","0.50","99067","32","99051","5852027","59.07"
"5231","1997","13","0.00017","0.00017","0.50","99035","17","99026","5752976","58.09"
"5232","1997","14","0.00039","0.00039","0.50","99018","38","98999","5653950","57.10"
"5233","1997","15","0.00025","0.00025","0.50","98980","25","98967","5554951","56.12"
"5234","1997","16","0.00040","0.00040","0.50","98955","40","98935","5455984","55.14"
"5235","1997","17","0.00087","0.00087","0.50","98915","86","98872","5357049","54.16"
"5236","1997","18","0.00111","0.00111","0.50","98829","110","98774","5258177","53.20"
"5237","1997","19","0.00106","0.00106","0.50","98720","105","98667","5159403","52.26"
"5238","1997","20","0.00124","0.00124","0.50","98615","122","98554","5060736","51.32"
"5239","1997","21","0.00106","0.00106","0.50","98493","104","98441","4962182","50.38"
"5240","1997","22","0.00103","0.00103","0.50","98389","101","98338","4863741","49.43"
"5241","1997","23","0.00128","0.00128","0.50","98287","126","98224","4765403","48.48"
"5242","1997","24","0.00124","0.00123","0.50","98161","121","98101","4667179","47.55"
"5243","1997","25","0.00118","0.00118","0.50","98040","116","97983","4569078","46.60"
"5244","1997","26","0.00105","0.00105","0.50","97925","103","97873","4471095","45.66"
"5245","1997","27","0.00097","0.00097","0.50","97822","95","97774","4373222","44.71"
"5246","1997","28","0.00121","0.00121","0.50","97727","118","97668","4275447","43.75"
"5247","1997","29","0.00110","0.00110","0.50","97609","107","97555","4177779","42.80"
"5248","1997","30","0.00124","0.00124","0.50","97502","121","97441","4080224","41.85"
"5249","1997","31","0.00141","0.00141","0.50","97381","137","97312","3982783","40.90"
"5250","1997","32","0.00128","0.00128","0.50","97243","124","97181","3885471","39.96"
"5251","1997","33","0.00129","0.00129","0.50","97119","125","97056","3788290","39.01"
"5252","1997","34","0.00138","0.00137","0.50","96994","133","96927","3691233","38.06"
"5253","1997","35","0.00144","0.00144","0.50","96861","140","96791","3594306","37.11"
"5254","1997","36","0.00177","0.00177","0.50","96721","171","96635","3497515","36.16"
"5255","1997","37","0.00230","0.00230","0.50","96549","222","96439","3400880","35.22"
"5256","1997","38","0.00233","0.00233","0.50","96328","224","96216","3304441","34.30"
"5257","1997","39","0.00252","0.00252","0.50","96103","242","95982","3208226","33.38"
"5258","1997","40","0.00327","0.00327","0.50","95861","313","95705","3112243","32.47"
"5259","1997","41","0.00326","0.00326","0.50","95548","311","95393","3016538","31.57"
"5260","1997","42","0.00366","0.00365","0.50","95237","348","95063","2921146","30.67"
"5261","1997","43","0.00405","0.00404","0.50","94889","384","94698","2826083","29.78"
"5262","1997","44","0.00456","0.00455","0.50","94506","430","94291","2731385","28.90"
"5263","1997","45","0.00481","0.00480","0.50","94076","451","93850","2637094","28.03"
"5264","1997","46","0.00495","0.00493","0.50","93625","462","93394","2543244","27.16"
"5265","1997","47","0.00592","0.00590","0.50","93163","550","92888","2449850","26.30"
"5266","1997","48","0.00720","0.00718","0.50","92613","665","92281","2356962","25.45"
"5267","1997","49","0.00747","0.00744","0.50","91948","684","91606","2264681","24.63"
"5268","1997","50","0.00847","0.00843","0.50","91264","769","90880","2173075","23.81"
"5269","1997","51","0.00935","0.00931","0.50","90495","843","90074","2082195","23.01"
"5270","1997","52","0.01041","0.01035","0.50","89652","928","89188","1992121","22.22"
"5271","1997","53","0.01092","0.01086","0.50","88724","963","88242","1902933","21.45"
"5272","1997","54","0.01199","0.01192","0.50","87761","1046","87238","1814691","20.68"
"5273","1997","55","0.01323","0.01315","0.50","86715","1140","86144","1727453","19.92"
"5274","1997","56","0.01410","0.01400","0.50","85574","1198","84975","1641309","19.18"
"5275","1997","57","0.01503","0.01492","0.50","84376","1259","83747","1556333","18.45"
"5276","1997","58","0.01609","0.01596","0.50","83117","1327","82454","1472587","17.72"
"5277","1997","59","0.01861","0.01844","0.50","81791","1508","81037","1390132","17.00"
"5278","1997","60","0.02030","0.02010","0.50","80283","1614","79476","1309096","16.31"
"5279","1997","61","0.02246","0.02221","0.50","78669","1747","77795","1229620","15.63"
"5280","1997","62","0.02464","0.02434","0.50","76922","1873","75986","1151824","14.97"
"5281","1997","63","0.02717","0.02680","0.50","75049","2012","74044","1075839","14.34"
"5282","1997","64","0.02939","0.02897","0.50","73038","2116","71980","1001795","13.72"
"5283","1997","65","0.03109","0.03062","0.50","70922","2171","69836","929816","13.11"
"5284","1997","66","0.03441","0.03383","0.50","68750","2326","67587","859979","12.51"
"5285","1997","67","0.03674","0.03607","0.50","66424","2396","65226","792392","11.93"
"5286","1997","68","0.04277","0.04188","0.50","64028","2681","62688","727166","11.36"
"5287","1997","69","0.04438","0.04341","0.50","61347","2663","60015","664478","10.83"
"5288","1997","70","0.04718","0.04609","0.50","58684","2705","57331","604463","10.30"
"5289","1997","71","0.05142","0.05013","0.50","55979","2806","54576","547132","9.77"
"5290","1997","72","0.05730","0.05571","0.50","53173","2962","51692","492556","9.26"
"5291","1997","73","0.06214","0.06027","0.50","50211","3026","48698","440864","8.78"
"5292","1997","74","0.07083","0.06841","0.50","47185","3228","45571","392167","8.31"
"5293","1997","75","0.07381","0.07118","0.50","43957","3129","42392","346596","7.88"
"5294","1997","76","0.08366","0.08030","0.50","40828","3278","39189","304203","7.45"
"5295","1997","77","0.08469","0.08125","0.50","37550","3051","36024","265015","7.06"
"5296","1997","78","0.09396","0.08974","0.50","34499","3096","32951","228991","6.64"
"5297","1997","79","0.10094","0.09609","0.50","31403","3018","29894","196040","6.24"
"5298","1997","80","0.10857","0.10298","0.50","28385","2923","26924","166146","5.85"
"5299","1997","81","0.11988","0.11310","0.50","25462","2880","24022","139223","5.47"
"5300","1997","82","0.14707","0.13699","0.50","22582","3094","21035","115201","5.10"
"5301","1997","83","0.15507","0.14391","0.50","19489","2805","18086","94165","4.83"
"5302","1997","84","0.15685","0.14544","0.50","16684","2427","15471","76079","4.56"
"5303","1997","85","0.17476","0.16072","0.50","14257","2291","13112","60608","4.25"
"5304","1997","86","0.19181","0.17502","0.50","11966","2094","10919","47497","3.97"
"5305","1997","87","0.21113","0.19097","0.50","9872","1885","8929","36578","3.71"
"5306","1997","88","0.22759","0.20434","0.50","7986","1632","7170","27649","3.46"
"5307","1997","89","0.24198","0.21586","0.50","6355","1372","5669","20478","3.22"
"5308","1997","90","0.27118","0.23880","0.50","4983","1190","4388","14810","2.97"
"5309","1997","91","0.29749","0.25897","0.50","3793","982","3302","10422","2.75"
"5310","1997","92","0.38392","0.32209","0.50","2811","905","2358","7120","2.53"
"5311","1997","93","0.37924","0.31879","0.50","1905","607","1602","4762","2.50"
"5312","1997","94","0.34829","0.29663","0.50","1298","385","1105","3160","2.43"
"5313","1997","95","0.40178","0.33457","0.50","913","305","760","2055","2.25"
"5314","1997","96","0.42898","0.35322","0.50","608","215","500","1295","2.13"
"5315","1997","97","0.45662","0.37175","0.50","393","146","320","794","2.02"
"5316","1997","98","0.48453","0.39004","0.50","247","96","199","475","1.92"
"5317","1997","99","0.51254","0.40798","0.50","151","61","120","276","1.83"
"5318","1997","100","0.54046","0.42548","0.50","89","38","70","156","1.75"
"5319","1997","101","0.56814","0.44245","0.50","51","23","40","86","1.68"
"5320","1997","102","0.59540","0.45881","0.50","29","13","22","46","1.61"
"5321","1997","103","0.62208","0.47449","0.50","15","7","12","24","1.55"
"5322","1997","104","0.64804","0.48945","0.50","8","4","6","12","1.49"
"5323","1997","105","0.67315","0.50364","0.50","4","2","3","6","1.44"
"5324","1997","106","0.69731","0.51704","0.50","2","1","2","3","1.40"
"5325","1997","107","0.72043","0.52964","0.50","1","1","1","1","1.36"
"5326","1997","108","0.74243","0.54144","0.50","0","0","0","1","1.32"
"5327","1997","109","0.76327","0.55244","0.50","0","0","0","0","1.30"
"5328","1997","110+","0.78291","1.00000","1.28","0","0","0","0","1.28"
"5329","1998","0","0.00584","0.00582","0.14","100000","582","99498","7104962","71.05"
"5330","1998","1","0.00061","0.00061","0.50","99418","60","99388","7005464","70.46"
"5331","1998","2","0.00021","0.00021","0.50","99358","21","99348","6906075","69.51"
"5332","1998","3","0.00029","0.00029","0.50","99337","29","99323","6806728","68.52"
"5333","1998","4","0.00014","0.00014","0.50","99308","14","99301","6707405","67.54"
"5334","1998","5","0.00015","0.00015","0.50","99294","14","99287","6608104","66.55"
"5335","1998","6","0.00019","0.00019","0.50","99280","19","99270","6508817","65.56"
"5336","1998","7","0.00027","0.00027","0.50","99261","27","99248","6409546","64.57"
"5337","1998","8","0.00023","0.00023","0.50","99234","23","99223","6310299","63.59"
"5338","1998","9","0.00021","0.00021","0.50","99211","21","99201","6211076","62.60"
"5339","1998","10","0.00017","0.00017","0.50","99190","17","99182","6111875","61.62"
"5340","1998","11","0.00010","0.00010","0.50","99174","10","99168","6012693","60.63"
"5341","1998","12","0.00015","0.00015","0.50","99163","15","99156","5913525","59.63"
"5342","1998","13","0.00023","0.00023","0.50","99149","23","99137","5814369","58.64"
"5343","1998","14","0.00043","0.00043","0.50","99125","43","99104","5715232","57.66"
"5344","1998","15","0.00046","0.00046","0.50","99082","45","99060","5616128","56.68"
"5345","1998","16","0.00057","0.00057","0.50","99037","56","99009","5517068","55.71"
"5346","1998","17","0.00073","0.00072","0.50","98981","72","98945","5418059","54.74"
"5347","1998","18","0.00096","0.00095","0.50","98909","94","98862","5319114","53.78"
"5348","1998","19","0.00080","0.00080","0.50","98815","79","98775","5220252","52.83"
"5349","1998","20","0.00114","0.00114","0.50","98736","113","98679","5121477","51.87"
"5350","1998","21","0.00095","0.00095","0.50","98623","94","98576","5022798","50.93"
"5351","1998","22","0.00078","0.00078","0.50","98529","77","98491","4924222","49.98"
"5352","1998","23","0.00092","0.00092","0.50","98452","90","98407","4825731","49.02"
"5353","1998","24","0.00104","0.00104","0.50","98362","102","98311","4727324","48.06"
"5354","1998","25","0.00114","0.00114","0.50","98260","112","98204","4629013","47.11"
"5355","1998","26","0.00100","0.00100","0.50","98148","98","98099","4530809","46.16"
"5356","1998","27","0.00101","0.00101","0.50","98050","99","98000","4432710","45.21"
"5357","1998","28","0.00103","0.00103","0.50","97951","101","97900","4334710","44.25"
"5358","1998","29","0.00129","0.00129","0.50","97850","126","97787","4236810","43.30"
"5359","1998","30","0.00094","0.00094","0.50","97723","91","97678","4139023","42.35"
"5360","1998","31","0.00114","0.00114","0.50","97632","111","97576","4041346","41.39"
"5361","1998","32","0.00130","0.00130","0.50","97521","127","97457","3943769","40.44"
"5362","1998","33","0.00121","0.00121","0.50","97394","118","97335","3846312","39.49"
"5363","1998","34","0.00153","0.00153","0.50","97276","149","97202","3748977","38.54"
"5364","1998","35","0.00139","0.00139","0.50","97128","135","97060","3651775","37.60"
"5365","1998","36","0.00177","0.00177","0.50","96993","171","96907","3554715","36.65"
"5366","1998","37","0.00179","0.00179","0.50","96822","173","96735","3457807","35.71"
"5367","1998","38","0.00200","0.00200","0.50","96648","193","96552","3361072","34.78"
"5368","1998","39","0.00255","0.00255","0.50","96455","246","96332","3264521","33.84"
"5369","1998","40","0.00277","0.00277","0.50","96210","267","96076","3168188","32.93"
"5370","1998","41","0.00300","0.00299","0.50","95943","287","95799","3072112","32.02"
"5371","1998","42","0.00363","0.00363","0.50","95656","347","95482","2976313","31.11"
"5372","1998","43","0.00355","0.00355","0.50","95309","338","95140","2880830","30.23"
"5373","1998","44","0.00436","0.00435","0.50","94971","413","94764","2785691","29.33"
"5374","1998","45","0.00461","0.00460","0.50","94558","435","94341","2690926","28.46"
"5375","1998","46","0.00526","0.00524","0.50","94123","494","93876","2596586","27.59"
"5376","1998","47","0.00606","0.00604","0.50","93629","565","93347","2502709","26.73"
"5377","1998","48","0.00610","0.00608","0.50","93064","566","92781","2409362","25.89"
"5378","1998","49","0.00647","0.00644","0.50","92498","596","92200","2316581","25.04"
"5379","1998","50","0.00793","0.00790","0.50","91902","726","91539","2224381","24.20"
"5380","1998","51","0.00859","0.00855","0.50","91176","780","90786","2132842","23.39"
"5381","1998","52","0.00985","0.00980","0.50","90396","886","89953","2042057","22.59"
"5382","1998","53","0.00987","0.00982","0.50","89510","879","89071","1952104","21.81"
"5383","1998","54","0.01203","0.01196","0.50","88631","1060","88101","1863033","21.02"
"5384","1998","55","0.01231","0.01223","0.50","87571","1071","87035","1774932","20.27"
"5385","1998","56","0.01429","0.01419","0.50","86500","1228","85886","1687896","19.51"
"5386","1998","57","0.01391","0.01381","0.50","85272","1178","84683","1602010","18.79"
"5387","1998","58","0.01651","0.01637","0.50","84094","1377","83406","1517327","18.04"
"5388","1998","59","0.01728","0.01714","0.50","82718","1417","82009","1433921","17.34"
"5389","1998","60","0.01915","0.01897","0.50","81300","1543","80529","1351912","16.63"
"5390","1998","61","0.02093","0.02071","0.50","79758","1652","78932","1271383","15.94"
"5391","1998","62","0.02212","0.02188","0.50","78106","1709","77251","1192451","15.27"
"5392","1998","63","0.02610","0.02577","0.50","76397","1968","75413","1115200","14.60"
"5393","1998","64","0.02603","0.02570","0.50","74428","1913","73472","1039788","13.97"
"5394","1998","65","0.03005","0.02960","0.50","72516","2147","71442","966316","13.33"
"5395","1998","66","0.03254","0.03202","0.50","70369","2253","69242","894873","12.72"
"5396","1998","67","0.03699","0.03631","0.50","68116","2474","66879","825631","12.12"
"5397","1998","68","0.03712","0.03644","0.50","65642","2392","64446","758752","11.56"
"5398","1998","69","0.04243","0.04155","0.50","63250","2628","61936","694305","10.98"
"5399","1998","70","0.04510","0.04411","0.50","60622","2674","59285","632369","10.43"
"5400","1998","71","0.05124","0.04996","0.50","57949","2895","56501","573084","9.89"
"5401","1998","72","0.05587","0.05436","0.50","55053","2992","53557","516583","9.38"
"5402","1998","73","0.05915","0.05745","0.50","52061","2991","50565","463026","8.89"
"5403","1998","74","0.06542","0.06335","0.50","49070","3108","47516","412460","8.41"
"5404","1998","75","0.07737","0.07449","0.50","45961","3424","44249","364945","7.94"
"5405","1998","76","0.08004","0.07696","0.50","42538","3274","40901","320695","7.54"
"5406","1998","77","0.08349","0.08015","0.50","39264","3147","37690","279795","7.13"
"5407","1998","78","0.09446","0.09020","0.50","36117","3258","34488","242104","6.70"
"5408","1998","79","0.10161","0.09670","0.50","32859","3177","31271","207616","6.32"
"5409","1998","80","0.11503","0.10877","0.50","29682","3229","28068","176346","5.94"
"5410","1998","81","0.12377","0.11656","0.50","26453","3083","24912","148278","5.61"
"5411","1998","82","0.11946","0.11273","0.50","23370","2634","22053","123366","5.28"
"5412","1998","83","0.14952","0.13912","0.50","20736","2885","19293","101314","4.89"
"5413","1998","84","0.15969","0.14788","0.50","17851","2640","16531","82020","4.59"
"5414","1998","85","0.16560","0.15293","0.50","15211","2326","14048","65490","4.31"
"5415","1998","86","0.19462","0.17736","0.50","12885","2285","11742","51442","3.99"
"5416","1998","87","0.22005","0.19824","0.50","10599","2101","9549","39700","3.75"
"5417","1998","88","0.21996","0.19816","0.50","8498","1684","7656","30151","3.55"
"5418","1998","89","0.23437","0.20979","0.50","6814","1430","6099","22495","3.30"
"5419","1998","90","0.27551","0.24216","0.50","5385","1304","4733","16395","3.04"
"5420","1998","91","0.29673","0.25839","0.50","4081","1054","3554","11662","2.86"
"5421","1998","92","0.31925","0.27530","0.50","3026","833","2610","8109","2.68"
"5422","1998","93","0.34549","0.29460","0.50","2193","646","1870","5499","2.51"
"5423","1998","94","0.41261","0.34205","0.50","1547","529","1282","3629","2.35"
"5424","1998","95","0.39078","0.32691","0.50","1018","333","852","2346","2.31"
"5425","1998","96","0.41746","0.34537","0.50","685","237","567","1495","2.18"
"5426","1998","97","0.44463","0.36376","0.50","449","163","367","928","2.07"
"5427","1998","98","0.47214","0.38197","0.50","285","109","231","561","1.97"
"5428","1998","99","0.49981","0.39988","0.50","176","71","141","330","1.87"
"5429","1998","100","0.52749","0.41740","0.50","106","44","84","189","1.79"
"5430","1998","101","0.55500","0.43444","0.50","62","27","48","105","1.71"
"5431","1998","102","0.58217","0.45092","0.50","35","16","27","57","1.64"
"5432","1998","103","0.60886","0.46676","0.50","19","9","15","30","1.58"
"5433","1998","104","0.63491","0.48192","0.50","10","5","8","16","1.52"
"5434","1998","105","0.66019","0.49635","0.50","5","3","4","8","1.47"
"5435","1998","106","0.68459","0.51002","0.50","3","1","2","4","1.42"
"5436","1998","107","0.70802","0.52291","0.50","1","1","1","2","1.38"
"5437","1998","108","0.73039","0.53501","0.50","1","0","0","1","1.34"
"5438","1998","109","0.75165","0.54633","0.50","0","0","0","0","1.31"
"5439","1998","110+","0.77175","1.00000","1.30","0","0","0","0","1.30"
"5440","1999","0","0.00480","0.00478","0.14","100000","478","99589","7133545","71.34"
"5441","1999","1","0.00057","0.00057","0.50","99522","57","99494","7033956","70.68"
"5442","1999","2","0.00028","0.00028","0.50","99466","28","99452","6934462","69.72"
"5443","1999","3","0.00019","0.00019","0.50","99437","19","99428","6835011","68.74"
"5444","1999","4","0.00022","0.00022","0.50","99419","21","99408","6735583","67.75"
"5445","1999","5","0.00015","0.00015","0.50","99397","15","99390","6636175","66.76"
"5446","1999","6","0.00021","0.00021","0.50","99382","21","99371","6536785","65.77"
"5447","1999","7","0.00022","0.00022","0.50","99361","22","99350","6437414","64.79"
"5448","1999","8","0.00022","0.00022","0.50","99339","22","99328","6338064","63.80"
"5449","1999","9","0.00015","0.00015","0.50","99317","15","99309","6238736","62.82"
"5450","1999","10","0.00023","0.00023","0.50","99301","23","99290","6139428","61.83"
"5451","1999","11","0.00021","0.00021","0.50","99279","21","99268","6040138","60.84"
"5452","1999","12","0.00022","0.00022","0.50","99258","22","99247","5940870","59.85"
"5453","1999","13","0.00033","0.00033","0.50","99235","32","99219","5841623","58.87"
"5454","1999","14","0.00018","0.00018","0.50","99203","17","99194","5742404","57.89"
"5455","1999","15","0.00042","0.00042","0.50","99186","42","99165","5643209","56.90"
"5456","1999","16","0.00044","0.00044","0.50","99144","44","99122","5544044","55.92"
"5457","1999","17","0.00078","0.00078","0.50","99100","77","99062","5444922","54.94"
"5458","1999","18","0.00090","0.00090","0.50","99023","89","98979","5345860","53.99"
"5459","1999","19","0.00097","0.00097","0.50","98934","96","98886","5246881","53.03"
"5460","1999","20","0.00092","0.00092","0.50","98839","90","98793","5147995","52.08"
"5461","1999","21","0.00106","0.00106","0.50","98748","105","98696","5049201","51.13"
"5462","1999","22","0.00112","0.00112","0.50","98643","110","98588","4950506","50.19"
"5463","1999","23","0.00092","0.00092","0.50","98533","90","98488","4851918","49.24"
"5464","1999","24","0.00122","0.00122","0.50","98443","120","98382","4753430","48.29"
"5465","1999","25","0.00101","0.00101","0.50","98322","99","98273","4655047","47.34"
"5466","1999","26","0.00097","0.00097","0.50","98223","95","98176","4556775","46.39"
"5467","1999","27","0.00095","0.00095","0.50","98128","93","98081","4458599","45.44"
"5468","1999","28","0.00127","0.00127","0.50","98035","125","97972","4360518","44.48"
"5469","1999","29","0.00113","0.00113","0.50","97910","110","97855","4262546","43.54"
"5470","1999","30","0.00122","0.00122","0.50","97800","119","97740","4164691","42.58"
"5471","1999","31","0.00139","0.00139","0.50","97680","136","97613","4066951","41.64"
"5472","1999","32","0.00114","0.00114","0.50","97545","111","97489","3969338","40.69"
"5473","1999","33","0.00141","0.00141","0.50","97433","137","97365","3871849","39.74"
"5474","1999","34","0.00152","0.00152","0.50","97296","148","97222","3774485","38.79"
"5475","1999","35","0.00149","0.00149","0.50","97148","145","97076","3677263","37.85"
"5476","1999","36","0.00161","0.00161","0.50","97003","156","96925","3580187","36.91"
"5477","1999","37","0.00188","0.00187","0.50","96847","181","96757","3483262","35.97"
"5478","1999","38","0.00201","0.00201","0.50","96666","194","96569","3386505","35.03"
"5479","1999","39","0.00218","0.00217","0.50","96472","210","96367","3289936","34.10"
"5480","1999","40","0.00241","0.00241","0.50","96262","232","96146","3193569","33.18"
"5481","1999","41","0.00279","0.00279","0.50","96030","268","95896","3097423","32.25"
"5482","1999","42","0.00334","0.00333","0.50","95762","319","95603","3001527","31.34"
"5483","1999","43","0.00341","0.00340","0.50","95443","325","95281","2905924","30.45"
"5484","1999","44","0.00391","0.00390","0.50","95119","371","94933","2810643","29.55"
"5485","1999","45","0.00436","0.00435","0.50","94748","412","94542","2715709","28.66"
"5486","1999","46","0.00472","0.00471","0.50","94336","444","94114","2621168","27.79"
"5487","1999","47","0.00563","0.00561","0.50","93892","527","93629","2527054","26.91"
"5488","1999","48","0.00639","0.00637","0.50","93365","595","93068","2433425","26.06"
"5489","1999","49","0.00689","0.00687","0.50","92770","637","92452","2340358","25.23"
"5490","1999","50","0.00708","0.00705","0.50","92133","650","91808","2247906","24.40"
"5491","1999","51","0.00836","0.00833","0.50","91483","762","91102","2156098","23.57"
"5492","1999","52","0.00950","0.00945","0.50","90722","858","90293","2064996","22.76"
"5493","1999","53","0.00995","0.00990","0.50","89864","890","89419","1974703","21.97"
"5494","1999","54","0.01047","0.01042","0.50","88974","927","88511","1885284","21.19"
"5495","1999","55","0.01271","0.01263","0.50","88047","1112","87491","1796773","20.41"
"5496","1999","56","0.01247","0.01240","0.50","86935","1078","86396","1709282","19.66"
"5497","1999","57","0.01533","0.01522","0.50","85858","1307","85204","1622885","18.90"
"5498","1999","58","0.01606","0.01593","0.50","84551","1347","83877","1537681","18.19"
"5499","1999","59","0.01824","0.01807","0.50","83204","1504","82452","1453804","17.47"
"5500","1999","60","0.01986","0.01967","0.50","81700","1607","80897","1371351","16.79"
"5501","1999","61","0.02124","0.02102","0.50","80093","1684","79252","1290455","16.11"
"5502","1999","62","0.02392","0.02364","0.50","78410","1853","77483","1211203","15.45"
"5503","1999","63","0.02544","0.02512","0.50","76557","1923","75595","1133720","14.81"
"5504","1999","64","0.02621","0.02587","0.50","74633","1931","73668","1058125","14.18"
"5505","1999","65","0.02822","0.02783","0.50","72702","2023","71691","984457","13.54"
"5506","1999","66","0.03111","0.03064","0.50","70679","2165","69597","912766","12.91"
"5507","1999","67","0.03316","0.03262","0.50","68514","2235","67396","843170","12.31"
"5508","1999","68","0.03745","0.03676","0.50","66279","2436","65061","775773","11.70"
"5509","1999","69","0.03974","0.03896","0.50","63843","2488","62599","710713","11.13"
"5510","1999","70","0.04352","0.04259","0.50","61355","2613","60049","648114","10.56"
"5511","1999","71","0.04852","0.04737","0.50","58742","2783","57351","588065","10.01"
"5512","1999","72","0.05235","0.05101","0.50","55959","2855","54532","530714","9.48"
"5513","1999","73","0.05888","0.05720","0.50","53105","3038","51586","476183","8.97"
"5514","1999","74","0.06557","0.06348","0.50","50067","3179","48478","424597","8.48"
"5515","1999","75","0.06939","0.06707","0.50","46888","3145","45316","376119","8.02"
"5516","1999","76","0.07821","0.07527","0.50","43744","3292","42098","330803","7.56"
"5517","1999","77","0.08669","0.08309","0.50","40451","3361","38771","288705","7.14"
"5518","1999","78","0.09216","0.08810","0.50","37090","3268","35457","249934","6.74"
"5519","1999","79","0.09902","0.09435","0.50","33823","3191","32227","214478","6.34"
"5520","1999","80","0.10896","0.10333","0.50","30632","3165","29049","182250","5.95"
"5521","1999","81","0.12126","0.11433","0.50","27467","3140","25896","153201","5.58"
"5522","1999","82","0.14003","0.13087","0.50","24326","3184","22734","127305","5.23"
"5523","1999","83","0.12830","0.12057","0.50","21143","2549","19868","104571","4.95"
"5524","1999","84","0.16694","0.15408","0.50","18594","2865","17161","84702","4.56"
"5525","1999","85","0.17503","0.16094","0.50","15729","2531","14463","67541","4.29"
"5526","1999","86","0.18259","0.16732","0.50","13197","2208","12093","53078","4.02"
"5527","1999","87","0.20337","0.18460","0.50","10989","2029","9975","40985","3.73"
"5528","1999","88","0.23707","0.21194","0.50","8961","1899","8011","31010","3.46"
"5529","1999","89","0.25215","0.22392","0.50","7061","1581","6271","22999","3.26"
"5530","1999","90","0.27118","0.23880","0.50","5480","1309","4826","16728","3.05"
"5531","1999","91","0.29118","0.25418","0.50","4172","1060","3641","11903","2.85"
"5532","1999","92","0.33304","0.28550","0.50","3111","888","2667","8261","2.66"
"5533","1999","93","0.34021","0.29075","0.50","2223","646","1900","5594","2.52"
"5534","1999","94","0.39962","0.33307","0.50","1577","525","1314","3694","2.34"
"5535","1999","95","0.39844","0.33225","0.50","1052","349","877","2380","2.26"
"5536","1999","96","0.42601","0.35121","0.50","702","247","579","1503","2.14"
"5537","1999","97","0.45406","0.37005","0.50","456","169","371","924","2.03"
"5538","1999","98","0.48240","0.38865","0.50","287","112","231","553","1.93"
"5539","1999","99","0.51085","0.40691","0.50","175","71","140","322","1.84"
"5540","1999","100","0.53923","0.42472","0.50","104","44","82","182","1.75"
"5541","1999","101","0.56736","0.44198","0.50","60","26","47","100","1.68"
"5542","1999","102","0.59506","0.45861","0.50","33","15","26","54","1.61"
"5543","1999","103","0.62217","0.47454","0.50","18","9","14","28","1.55"
"5544","1999","104","0.64853","0.48973","0.50","10","5","7","14","1.49"
"5545","1999","105","0.67402","0.50413","0.50","5","2","4","7","1.44"
"5546","1999","106","0.69852","0.51771","0.50","2","1","2","3","1.39"
"5547","1999","107","0.72194","0.53046","0.50","1","1","1","2","1.35"
"5548","1999","108","0.74421","0.54238","0.50","1","0","0","1","1.32"
"5549","1999","109","0.76527","0.55349","0.50","0","0","0","0","1.29"
"5550","1999","110+","0.78510","1.00000","1.27","0","0","0","0","1.27"
"5551","2000","0","0.00474","0.00473","0.14","100000","473","99594","7155403","71.55"
"5552","2000","1","0.00044","0.00044","0.50","99527","43","99506","7055810","70.89"
"5553","2000","2","0.00024","0.00024","0.50","99484","24","99472","6956304","69.92"
"5554","2000","3","0.00030","0.00030","0.50","99460","30","99445","6856832","68.94"
"5555","2000","4","0.00017","0.00017","0.50","99430","17","99421","6757387","67.96"
"5556","2000","5","0.00027","0.00027","0.50","99413","27","99399","6657966","66.97"
"5557","2000","6","0.00024","0.00024","0.50","99386","24","99374","6558566","65.99"
"5558","2000","7","0.00011","0.00011","0.50","99362","11","99356","6459192","65.01"
"5559","2000","8","0.00017","0.00017","0.50","99351","17","99342","6359836","64.01"
"5560","2000","9","0.00025","0.00025","0.50","99333","25","99321","6260494","63.03"
"5561","2000","10","0.00017","0.00017","0.50","99308","17","99300","6161174","62.04"
"5562","2000","11","0.00012","0.00012","0.50","99291","12","99285","6061874","61.05"
"5563","2000","12","0.00027","0.00027","0.50","99279","27","99266","5962589","60.06"
"5564","2000","13","0.00019","0.00019","0.50","99252","19","99242","5863323","59.08"
"5565","2000","14","0.00034","0.00034","0.50","99233","34","99216","5764081","58.09"
"5566","2000","15","0.00025","0.00025","0.50","99199","25","99187","5664865","57.11"
"5567","2000","16","0.00056","0.00056","0.50","99175","56","99147","5565678","56.12"
"5568","2000","17","0.00059","0.00059","0.50","99119","58","99090","5466531","55.15"
"5569","2000","18","0.00094","0.00094","0.50","99061","93","99014","5367442","54.18"
"5570","2000","19","0.00105","0.00105","0.50","98967","104","98915","5268428","53.23"
"5571","2000","20","0.00092","0.00092","0.50","98864","91","98818","5169512","52.29"
"5572","2000","21","0.00117","0.00117","0.50","98773","115","98715","5070694","51.34"
"5573","2000","22","0.00105","0.00105","0.50","98658","104","98606","4971979","50.40"
"5574","2000","23","0.00102","0.00102","0.50","98554","101","98504","4873373","49.45"
"5575","2000","24","0.00095","0.00095","0.50","98453","94","98406","4774870","48.50"
"5576","2000","25","0.00093","0.00093","0.50","98360","91","98314","4676463","47.54"
"5577","2000","26","0.00119","0.00119","0.50","98268","117","98210","4578149","46.59"
"5578","2000","27","0.00079","0.00079","0.50","98152","77","98113","4479939","45.64"
"5579","2000","28","0.00102","0.00101","0.50","98075","100","98025","4381826","44.68"
"5580","2000","29","0.00113","0.00113","0.50","97975","111","97920","4283801","43.72"
"5581","2000","30","0.00123","0.00122","0.50","97865","120","97805","4185881","42.77"
"5582","2000","31","0.00125","0.00125","0.50","97745","122","97684","4088077","41.82"
"5583","2000","32","0.00120","0.00120","0.50","97623","117","97564","3990393","40.88"
"5584","2000","33","0.00119","0.00118","0.50","97506","116","97448","3892829","39.92"
"5585","2000","34","0.00138","0.00138","0.50","97390","135","97323","3795380","38.97"
"5586","2000","35","0.00147","0.00147","0.50","97256","143","97184","3698057","38.02"
"5587","2000","36","0.00153","0.00153","0.50","97113","148","97039","3600873","37.08"
"5588","2000","37","0.00219","0.00219","0.50","96965","213","96858","3503834","36.14"
"5589","2000","38","0.00192","0.00192","0.50","96752","186","96659","3406975","35.21"
"5590","2000","39","0.00184","0.00184","0.50","96566","178","96478","3310316","34.28"
"5591","2000","40","0.00237","0.00236","0.50","96389","228","96275","3213838","33.34"
"5592","2000","41","0.00260","0.00260","0.50","96161","250","96036","3117563","32.42"
"5593","2000","42","0.00321","0.00321","0.50","95911","308","95757","3021527","31.50"
"5594","2000","43","0.00374","0.00374","0.50","95604","357","95425","2925770","30.60"
"5595","2000","44","0.00412","0.00411","0.50","95246","392","95050","2830345","29.72"
"5596","2000","45","0.00442","0.00441","0.50","94855","418","94645","2735294","28.84"
"5597","2000","46","0.00514","0.00513","0.50","94436","484","94194","2640649","27.96"
"5598","2000","47","0.00539","0.00538","0.50","93952","505","93700","2546455","27.10"
"5599","2000","48","0.00609","0.00607","0.50","93447","567","93163","2452755","26.25"
"5600","2000","49","0.00680","0.00678","0.50","92880","630","92565","2359592","25.40"
"5601","2000","50","0.00789","0.00786","0.50","92250","725","91888","2267027","24.57"
"5602","2000","51","0.00761","0.00758","0.50","91525","694","91178","2175139","23.77"
"5603","2000","52","0.00908","0.00904","0.50","90831","821","90421","2083960","22.94"
"5604","2000","53","0.00979","0.00974","0.50","90011","877","89572","1993539","22.15"
"5605","2000","54","0.01143","0.01137","0.50","89134","1013","88627","1903967","21.36"
"5606","2000","55","0.01221","0.01214","0.50","88121","1070","87586","1815340","20.60"
"5607","2000","56","0.01269","0.01261","0.50","87051","1098","86502","1727754","19.85"
"5608","2000","57","0.01376","0.01367","0.50","85953","1175","85365","1641253","19.09"
"5609","2000","58","0.01575","0.01563","0.50","84778","1325","84116","1555887","18.35"
"5610","2000","59","0.01665","0.01651","0.50","83453","1378","82764","1471772","17.64"
"5611","2000","60","0.01912","0.01893","0.50","82075","1554","81298","1389007","16.92"
"5612","2000","61","0.02035","0.02014","0.50","80521","1622","79710","1307709","16.24"
"5613","2000","62","0.02262","0.02236","0.50","78899","1764","78017","1227999","15.56"
"5614","2000","63","0.02483","0.02453","0.50","77135","1892","76189","1149982","14.91"
"5615","2000","64","0.02534","0.02502","0.50","75243","1883","74302","1073792","14.27"
"5616","2000","65","0.02751","0.02714","0.50","73361","1991","72365","999491","13.62"
"5617","2000","66","0.03038","0.02992","0.50","71370","2136","70302","927125","12.99"
"5618","2000","67","0.03410","0.03353","0.50","69234","2321","68074","856823","12.38"
"5619","2000","68","0.03766","0.03696","0.50","66913","2473","65676","788750","11.79"
"5620","2000","69","0.04156","0.04072","0.50","64440","2624","63128","723074","11.22"
"5621","2000","70","0.04377","0.04283","0.50","61816","2648","60492","659946","10.68"
"5622","2000","71","0.04827","0.04713","0.50","59168","2788","57774","599453","10.13"
"5623","2000","72","0.05122","0.04994","0.50","56380","2816","54972","541679","9.61"
"5624","2000","73","0.05646","0.05491","0.50","53564","2941","52093","486707","9.09"
"5625","2000","74","0.06086","0.05906","0.50","50623","2990","49128","434614","8.59"
"5626","2000","75","0.06741","0.06521","0.50","47633","3106","46080","385486","8.09"
"5627","2000","76","0.07662","0.07380","0.50","44527","3286","42884","339406","7.62"
"5628","2000","77","0.08432","0.08091","0.50","41241","3337","39573","296522","7.19"
"5629","2000","78","0.09166","0.08764","0.50","37904","3322","36243","256950","6.78"
"5630","2000","79","0.09207","0.08802","0.50","34582","3044","33060","220706","6.38"
"5631","2000","80","0.11176","0.10584","0.50","31538","3338","29869","187646","5.95"
"5632","2000","81","0.12452","0.11722","0.50","28200","3306","26547","157777","5.59"
"5633","2000","82","0.12232","0.11527","0.50","24894","2870","23460","131230","5.27"
"5634","2000","83","0.14213","0.13270","0.50","22025","2923","20563","107770","4.89"
"5635","2000","84","0.15602","0.14473","0.50","19102","2765","17720","87207","4.57"
"5636","2000","85","0.17770","0.16320","0.50","16337","2666","15004","69487","4.25"
"5637","2000","86","0.18918","0.17283","0.50","13671","2363","12490","54483","3.99"
"5638","2000","87","0.20155","0.18310","0.50","11308","2071","10273","41993","3.71"
"5639","2000","88","0.24596","0.21903","0.50","9238","2023","8226","31720","3.43"
"5640","2000","89","0.24353","0.21709","0.50","7214","1566","6431","23494","3.26"
"5641","2000","90","0.26886","0.23700","0.50","5648","1339","4979","17063","3.02"
"5642","2000","91","0.27864","0.24456","0.50","4310","1054","3783","12084","2.80"
"5643","2000","92","0.35802","0.30366","0.50","3256","989","2761","8302","2.55"
"5644","2000","93","0.38665","0.32401","0.50","2267","735","1900","5540","2.44"
"5645","2000","94","0.37959","0.31904","0.50","1532","489","1288","3640","2.38"
"5646","2000","95","0.40040","0.33361","0.50","1044","348","869","2352","2.25"
"5647","2000","96","0.42803","0.35258","0.50","695","245","573","1483","2.13"
"5648","2000","97","0.45612","0.37142","0.50","450","167","367","910","2.02"
"5649","2000","98","0.48449","0.39001","0.50","283","110","228","544","1.92"
"5650","2000","99","0.51297","0.40826","0.50","173","70","137","316","1.83"
"5651","2000","100","0.54135","0.42604","0.50","102","44","80","178","1.75"
"5652","2000","101","0.56948","0.44326","0.50","59","26","46","98","1.67"
"5653","2000","102","0.59716","0.45985","0.50","33","15","25","52","1.60"
"5654","2000","103","0.62423","0.47574","0.50","18","8","13","27","1.54"
"5655","2000","104","0.65055","0.49088","0.50","9","5","7","14","1.49"
"5656","2000","105","0.67598","0.50522","0.50","5","2","4","7","1.44"
"5657","2000","106","0.70042","0.51875","0.50","2","1","2","3","1.39"
"5658","2000","107","0.72376","0.53144","0.50","1","1","1","2","1.35"
"5659","2000","108","0.74595","0.54331","0.50","1","0","0","1","1.32"
"5660","2000","109","0.76693","0.55435","0.50","0","0","0","0","1.29"
"5661","2000","110+","0.78667","1.00000","1.27","0","0","0","0","1.27"
"5662","2001","0","0.00459","0.00457","0.14","100000","457","99607","7202488","72.02"
"5663","2001","1","0.00059","0.00059","0.50","99543","59","99513","7102882","71.36"
"5664","2001","2","0.00017","0.00017","0.50","99484","17","99475","7003368","70.40"
"5665","2001","3","0.00009","0.00009","0.50","99467","9","99462","6903893","69.41"
"5666","2001","4","0.00028","0.00028","0.50","99458","28","99444","6804430","68.42"
"5667","2001","5","0.00015","0.00015","0.50","99430","15","99423","6704987","67.43"
"5668","2001","6","0.00024","0.00024","0.50","99415","23","99404","6605564","66.44"
"5669","2001","7","0.00017","0.00017","0.50","99392","17","99383","6506161","65.46"
"5670","2001","8","0.00013","0.00013","0.50","99375","13","99368","6406777","64.47"
"5671","2001","9","0.00011","0.00011","0.50","99362","11","99356","6307409","63.48"
"5672","2001","10","0.00024","0.00024","0.50","99351","24","99339","6208053","62.49"
"5673","2001","11","0.00014","0.00014","0.50","99327","14","99320","6108714","61.50"
"5674","2001","12","0.00018","0.00018","0.50","99313","18","99304","6009393","60.51"
"5675","2001","13","0.00017","0.00017","0.50","99295","16","99287","5910089","59.52"
"5676","2001","14","0.00019","0.00019","0.50","99279","19","99269","5810802","58.53"
"5677","2001","15","0.00031","0.00031","0.50","99260","31","99244","5711532","57.54"
"5678","2001","16","0.00051","0.00051","0.50","99229","51","99204","5612288","56.56"
"5679","2001","17","0.00063","0.00063","0.50","99178","63","99147","5513084","55.59"
"5680","2001","18","0.00092","0.00092","0.50","99116","92","99070","5413937","54.62"
"5681","2001","19","0.00084","0.00084","0.50","99024","84","98982","5314867","53.67"
"5682","2001","20","0.00122","0.00122","0.50","98941","121","98880","5215885","52.72"
"5683","2001","21","0.00095","0.00095","0.50","98820","94","98773","5117005","51.78"
"5684","2001","22","0.00105","0.00105","0.50","98726","104","98674","5018232","50.83"
"5685","2001","23","0.00118","0.00118","0.50","98622","117","98564","4919558","49.88"
"5686","2001","24","0.00106","0.00106","0.50","98505","105","98453","4820995","48.94"
"5687","2001","25","0.00092","0.00092","0.50","98401","90","98355","4722542","47.99"
"5688","2001","26","0.00092","0.00092","0.50","98310","90","98265","4624186","47.04"
"5689","2001","27","0.00094","0.00094","0.50","98220","92","98174","4525921","46.08"
"5690","2001","28","0.00109","0.00108","0.50","98128","106","98074","4427747","45.12"
"5691","2001","29","0.00098","0.00097","0.50","98021","96","97973","4329673","44.17"
"5692","2001","30","0.00099","0.00099","0.50","97926","97","97877","4231699","43.21"
"5693","2001","31","0.00124","0.00124","0.50","97828","121","97768","4133822","42.26"
"5694","2001","32","0.00113","0.00113","0.50","97708","110","97652","4036054","41.31"
"5695","2001","33","0.00102","0.00102","0.50","97597","100","97547","3938402","40.35"
"5696","2001","34","0.00147","0.00147","0.50","97498","143","97426","3840855","39.39"
"5697","2001","35","0.00137","0.00137","0.50","97354","133","97288","3743429","38.45"
"5698","2001","36","0.00178","0.00178","0.50","97221","173","97135","3646141","37.50"
"5699","2001","37","0.00161","0.00161","0.50","97048","156","96970","3549007","36.57"
"5700","2001","38","0.00187","0.00187","0.50","96892","181","96802","3452036","35.63"
"5701","2001","39","0.00187","0.00187","0.50","96711","181","96621","3355235","34.69"
"5702","2001","40","0.00264","0.00264","0.50","96530","255","96403","3258614","33.76"
"5703","2001","41","0.00233","0.00233","0.50","96275","224","96163","3162211","32.85"
"5704","2001","42","0.00312","0.00311","0.50","96051","299","95901","3066048","31.92"
"5705","2001","43","0.00349","0.00349","0.50","95752","334","95585","2970147","31.02"
"5706","2001","44","0.00395","0.00394","0.50","95418","376","95230","2874562","30.13"
"5707","2001","45","0.00411","0.00410","0.50","95042","390","94847","2779332","29.24"
"5708","2001","46","0.00478","0.00477","0.50","94652","451","94426","2684485","28.36"
"5709","2001","47","0.00489","0.00488","0.50","94201","460","93971","2590058","27.50"
"5710","2001","48","0.00552","0.00550","0.50","93741","516","93483","2496087","26.63"
"5711","2001","49","0.00696","0.00694","0.50","93225","647","92902","2402604","25.77"
"5712","2001","50","0.00729","0.00727","0.50","92579","673","92242","2309702","24.95"
"5713","2001","51","0.00762","0.00759","0.50","91906","698","91557","2217460","24.13"
"5714","2001","52","0.00812","0.00809","0.50","91208","738","90839","2125903","23.31"
"5715","2001","53","0.00938","0.00933","0.50","90471","845","90048","2035063","22.49"
"5716","2001","54","0.01098","0.01092","0.50","89626","979","89137","1945015","21.70"
"5717","2001","55","0.01203","0.01196","0.50","88648","1060","88118","1855878","20.94"
"5718","2001","56","0.01216","0.01208","0.50","87588","1058","87059","1767760","20.18"
"5719","2001","57","0.01459","0.01448","0.50","86529","1253","85903","1680702","19.42"
"5720","2001","58","0.01508","0.01497","0.50","85276","1276","84638","1594799","18.70"
"5721","2001","59","0.01650","0.01636","0.50","84000","1374","83313","1510161","17.98"
"5722","2001","60","0.01736","0.01721","0.50","82626","1422","81915","1426848","17.27"
"5723","2001","61","0.01899","0.01882","0.50","81204","1528","80440","1344933","16.56"
"5724","2001","62","0.02118","0.02096","0.50","79676","1670","78841","1264493","15.87"
"5725","2001","63","0.02263","0.02237","0.50","78006","1745","77133","1185652","15.20"
"5726","2001","64","0.02497","0.02466","0.50","76261","1881","75320","1108519","14.54"
"5727","2001","65","0.02793","0.02754","0.50","74380","2049","73355","1033199","13.89"
"5728","2001","66","0.02766","0.02728","0.50","72331","1974","71344","959843","13.27"
"5729","2001","67","0.03284","0.03231","0.50","70358","2273","69221","888499","12.63"
"5730","2001","68","0.03531","0.03469","0.50","68084","2362","66903","819278","12.03"
"5731","2001","69","0.03925","0.03850","0.50","65722","2530","64457","752375","11.45"
"5732","2001","70","0.04263","0.04174","0.50","63192","2638","61873","687918","10.89"
"5733","2001","71","0.04378","0.04284","0.50","60555","2594","59257","626044","10.34"
"5734","2001","72","0.05126","0.04998","0.50","57960","2897","56512","566787","9.78"
"5735","2001","73","0.05450","0.05305","0.50","55064","2921","53603","510275","9.27"
"5736","2001","74","0.05914","0.05744","0.50","52143","2995","50645","456671","8.76"
"5737","2001","75","0.06587","0.06377","0.50","49147","3134","47580","406026","8.26"
"5738","2001","76","0.07361","0.07100","0.50","46013","3267","44380","358446","7.79"
"5739","2001","77","0.07899","0.07599","0.50","42747","3248","41123","314066","7.35"
"5740","2001","78","0.08671","0.08311","0.50","39498","3283","37857","272944","6.91"
"5741","2001","79","0.09393","0.08971","0.50","36216","3249","34591","235086","6.49"
"5742","2001","80","0.10585","0.10053","0.50","32967","3314","31310","200495","6.08"
"5743","2001","81","0.11347","0.10738","0.50","29653","3184","28060","169185","5.71"
"5744","2001","82","0.12744","0.11981","0.50","26468","3171","24883","141125","5.33"
"5745","2001","83","0.13451","0.12604","0.50","23297","2936","21829","116242","4.99"
"5746","2001","84","0.14773","0.13757","0.50","20361","2801","18960","94413","4.64"
"5747","2001","85","0.16793","0.15492","0.50","17560","2720","16200","75453","4.30"
"5748","2001","86","0.20138","0.18296","0.50","14840","2715","13482","59253","3.99"
"5749","2001","87","0.19835","0.18045","0.50","12125","2188","11031","45771","3.78"
"5750","2001","88","0.22059","0.19867","0.50","9937","1974","8950","34740","3.50"
"5751","2001","89","0.24224","0.21607","0.50","7962","1720","7102","25791","3.24"
"5752","2001","90","0.27365","0.24072","0.50","6242","1503","5491","18688","2.99"
"5753","2001","91","0.30997","0.26838","0.50","4739","1272","4103","13198","2.78"
"5754","2001","92","0.31253","0.27029","0.50","3468","937","2999","9094","2.62"
"5755","2001","93","0.38965","0.32611","0.50","2530","825","2118","6095","2.41"
"5756","2001","94","0.39837","0.33220","0.50","1705","566","1422","3978","2.33"
"5757","2001","95","0.40123","0.33419","0.50","1139","381","948","2556","2.24"
"5758","2001","96","0.42982","0.35379","0.50","758","268","624","1607","2.12"
"5759","2001","97","0.45889","0.37325","0.50","490","183","398","983","2.01"
"5760","2001","98","0.48824","0.39244","0.50","307","121","247","585","1.90"
"5761","2001","99","0.51767","0.41123","0.50","187","77","148","338","1.81"
"5762","2001","100","0.54698","0.42951","0.50","110","47","86","190","1.73"
"5763","2001","101","0.57597","0.44718","0.50","63","28","49","104","1.65"
"5764","2001","102","0.60444","0.46416","0.50","35","16","27","55","1.58"
"5765","2001","103","0.63222","0.48037","0.50","19","9","14","28","1.52"
"5766","2001","104","0.65915","0.49576","0.50","10","5","7","14","1.47"
"5767","2001","105","0.68509","0.51029","0.50","5","2","4","7","1.42"
"5768","2001","106","0.70993","0.52395","0.50","2","1","2","3","1.37"
"5769","2001","107","0.73357","0.53671","0.50","1","1","1","2","1.33"
"5770","2001","108","0.75594","0.54859","0.50","1","0","0","1","1.30"
"5771","2001","109","0.77701","0.55960","0.50","0","0","0","0","1.27"
"5772","2001","110+","0.79675","1.00000","1.26","0","0","0","0","1.26"
"5773","2002","0","0.00460","0.00458","0.14","100000","458","99606","7210252","72.10"
"5774","2002","1","0.00065","0.00065","0.50","99542","65","99509","7110646","71.43"
"5775","2002","2","0.00028","0.00028","0.50","99477","28","99463","7011136","70.48"
"5776","2002","3","0.00020","0.00020","0.50","99449","20","99439","6911674","69.50"
"5777","2002","4","0.00018","0.00018","0.50","99429","17","99420","6812235","68.51"
"5778","2002","5","0.00026","0.00026","0.50","99412","26","99399","6712814","67.53"
"5779","2002","6","0.00021","0.00021","0.50","99386","21","99375","6613416","66.54"
"5780","2002","7","0.00022","0.00022","0.50","99365","21","99354","6514041","65.56"
"5781","2002","8","0.00017","0.00017","0.50","99343","17","99335","6414686","64.57"
"5782","2002","9","0.00013","0.00013","0.50","99326","13","99320","6315351","63.58"
"5783","2002","10","0.00013","0.00013","0.50","99314","13","99307","6216031","62.59"
"5784","2002","11","0.00009","0.00009","0.50","99301","9","99297","6116724","61.60"
"5785","2002","12","0.00017","0.00017","0.50","99292","17","99284","6017427","60.60"
"5786","2002","13","0.00018","0.00018","0.50","99275","18","99266","5918144","59.61"
"5787","2002","14","0.00025","0.00025","0.50","99257","25","99245","5818877","58.62"
"5788","2002","15","0.00032","0.00032","0.50","99232","32","99216","5719632","57.64"
"5789","2002","16","0.00044","0.00044","0.50","99200","44","99178","5620416","56.66"
"5790","2002","17","0.00068","0.00068","0.50","99156","67","99123","5521238","55.68"
"5791","2002","18","0.00097","0.00097","0.50","99089","96","99041","5422115","54.72"
"5792","2002","19","0.00072","0.00072","0.50","98993","71","98957","5323074","53.77"
"5793","2002","20","0.00095","0.00095","0.50","98922","94","98875","5224117","52.81"
"5794","2002","21","0.00115","0.00115","0.50","98828","113","98771","5125243","51.86"
"5795","2002","22","0.00092","0.00092","0.50","98714","91","98669","5026472","50.92"
"5796","2002","23","0.00094","0.00094","0.50","98623","93","98577","4927803","49.97"
"5797","2002","24","0.00102","0.00102","0.50","98530","101","98480","4829226","49.01"
"5798","2002","25","0.00104","0.00104","0.50","98429","102","98378","4730747","48.06"
"5799","2002","26","0.00094","0.00093","0.50","98327","92","98281","4632368","47.11"
"5800","2002","27","0.00098","0.00098","0.50","98235","96","98187","4534087","46.16"
"5801","2002","28","0.00101","0.00101","0.50","98139","99","98090","4435900","45.20"
"5802","2002","29","0.00096","0.00095","0.50","98040","94","97993","4337810","44.25"
"5803","2002","30","0.00110","0.00110","0.50","97946","108","97893","4239817","43.29"
"5804","2002","31","0.00103","0.00103","0.50","97839","101","97788","4141924","42.33"
"5805","2002","32","0.00134","0.00134","0.50","97738","131","97673","4044136","41.38"
"5806","2002","33","0.00147","0.00147","0.50","97607","143","97535","3946463","40.43"
"5807","2002","34","0.00109","0.00109","0.50","97464","106","97411","3848928","39.49"
"5808","2002","35","0.00134","0.00134","0.50","97358","130","97292","3751517","38.53"
"5809","2002","36","0.00159","0.00159","0.50","97227","155","97150","3654224","37.58"
"5810","2002","37","0.00161","0.00161","0.50","97073","156","96994","3557075","36.64"
"5811","2002","38","0.00176","0.00176","0.50","96916","171","96831","3460080","35.70"
"5812","2002","39","0.00210","0.00210","0.50","96746","203","96644","3363249","34.76"
"5813","2002","40","0.00238","0.00238","0.50","96542","229","96428","3266605","33.84"
"5814","2002","41","0.00251","0.00251","0.50","96313","242","96192","3170177","32.92"
"5815","2002","42","0.00295","0.00294","0.50","96071","283","95930","3073985","32.00"
"5816","2002","43","0.00356","0.00355","0.50","95789","340","95618","2978055","31.09"
"5817","2002","44","0.00359","0.00358","0.50","95448","342","95277","2882437","30.20"
"5818","2002","45","0.00418","0.00417","0.50","95106","396","94908","2787159","29.31"
"5819","2002","46","0.00501","0.00500","0.50","94710","473","94473","2692251","28.43"
"5820","2002","47","0.00485","0.00483","0.50","94237","456","94009","2597778","27.57"
"5821","2002","48","0.00580","0.00578","0.50","93781","542","93510","2503769","26.70"
"5822","2002","49","0.00636","0.00634","0.50","93239","591","92944","2410259","25.85"
"5823","2002","50","0.00754","0.00751","0.50","92648","696","92300","2317315","25.01"
"5824","2002","51","0.00803","0.00800","0.50","91952","735","91585","2225015","24.20"
"5825","2002","52","0.00829","0.00826","0.50","91217","753","90841","2133430","23.39"
"5826","2002","53","0.00956","0.00951","0.50","90464","861","90034","2042590","22.58"
"5827","2002","54","0.01005","0.01000","0.50","89603","896","89155","1952556","21.79"
"5828","2002","55","0.01121","0.01115","0.50","88707","989","88213","1863401","21.01"
"5829","2002","56","0.01191","0.01184","0.50","87718","1039","87199","1775188","20.24"
"5830","2002","57","0.01305","0.01296","0.50","86679","1124","86118","1687989","19.47"
"5831","2002","58","0.01502","0.01491","0.50","85556","1276","84918","1601872","18.72"
"5832","2002","59","0.01694","0.01680","0.50","84280","1416","83572","1516954","18.00"
"5833","2002","60","0.01789","0.01773","0.50","82864","1470","82129","1433382","17.30"
"5834","2002","61","0.01901","0.01883","0.50","81394","1533","80628","1351252","16.60"
"5835","2002","62","0.02116","0.02094","0.50","79861","1672","79025","1270625","15.91"
"5836","2002","63","0.02256","0.02231","0.50","78189","1744","77317","1191599","15.24"
"5837","2002","64","0.02606","0.02572","0.50","76445","1966","75462","1114282","14.58"
"5838","2002","65","0.02729","0.02692","0.50","74479","2005","73476","1038820","13.95"
"5839","2002","66","0.03036","0.02991","0.50","72474","2167","71390","965344","13.32"
"5840","2002","67","0.03211","0.03160","0.50","70306","2222","69195","893954","12.72"
"5841","2002","68","0.03537","0.03475","0.50","68085","2366","66901","824758","12.11"
"5842","2002","69","0.03703","0.03636","0.50","65718","2389","64524","757857","11.53"
"5843","2002","70","0.04183","0.04097","0.50","63329","2595","62032","693333","10.95"
"5844","2002","71","0.04459","0.04362","0.50","60734","2649","59410","631301","10.39"
"5845","2002","72","0.04847","0.04732","0.50","58085","2749","56711","571891","9.85"
"5846","2002","73","0.05343","0.05204","0.50","55337","2880","53897","515180","9.31"
"5847","2002","74","0.06022","0.05846","0.50","52457","3067","50924","461283","8.79"
"5848","2002","75","0.06367","0.06170","0.50","49390","3047","47867","410359","8.31"
"5849","2002","76","0.06928","0.06696","0.50","46343","3103","44791","362493","7.82"
"5850","2002","77","0.07658","0.07376","0.50","43240","3189","41645","317701","7.35"
"5851","2002","78","0.08635","0.08278","0.50","40051","3315","38393","276056","6.89"
"5852","2002","79","0.09333","0.08917","0.50","36735","3276","35097","237663","6.47"
"5853","2002","80","0.10553","0.10024","0.50","33460","3354","31783","202565","6.05"
"5854","2002","81","0.11313","0.10708","0.50","30106","3224","28494","170783","5.67"
"5855","2002","82","0.13197","0.12380","0.50","26882","3328","25218","142289","5.29"
"5856","2002","83","0.13540","0.12682","0.50","23554","2987","22061","117071","4.97"
"5857","2002","84","0.15100","0.14040","0.50","20567","2888","19123","95010","4.62"
"5858","2002","85","0.16359","0.15122","0.50","17679","2673","16343","75887","4.29"
"5859","2002","86","0.18067","0.16570","0.50","15006","2486","13763","59544","3.97"
"5860","2002","87","0.22082","0.19886","0.50","12520","2490","11275","45781","3.66"
"5861","2002","88","0.23445","0.20985","0.50","10030","2105","8977","34507","3.44"
"5862","2002","89","0.26430","0.23345","0.50","7925","1850","7000","25529","3.22"
"5863","2002","90","0.25890","0.22923","0.50","6075","1393","5379","18529","3.05"
"5864","2002","91","0.31588","0.27279","0.50","4682","1277","4044","13150","2.81"
"5865","2002","92","0.32138","0.27689","0.50","3405","943","2934","9107","2.67"
"5866","2002","93","0.35552","0.30186","0.50","2462","743","2091","6173","2.51"
"5867","2002","94","0.36858","0.31122","0.50","1719","535","1452","4082","2.37"
"5868","2002","95","0.40595","0.33746","0.50","1184","400","984","2631","2.22"
"5869","2002","96","0.43481","0.35716","0.50","784","280","644","1646","2.10"
"5870","2002","97","0.46411","0.37670","0.50","504","190","409","1002","1.99"
"5871","2002","98","0.49366","0.39593","0.50","314","124","252","593","1.89"
"5872","2002","99","0.52326","0.41475","0.50","190","79","150","341","1.79"
"5873","2002","100","0.55270","0.43303","0.50","111","48","87","190","1.71"
"5874","2002","101","0.58177","0.45067","0.50","63","28","49","103","1.64"
"5875","2002","102","0.61028","0.46760","0.50","35","16","27","54","1.57"
"5876","2002","103","0.63806","0.48373","0.50","18","9","14","28","1.51"
"5877","2002","104","0.66494","0.49903","0.50","10","5","7","14","1.46"
"5878","2002","105","0.69080","0.51345","0.50","5","2","4","7","1.41"
"5879","2002","106","0.71551","0.52698","0.50","2","1","2","3","1.36"
"5880","2002","107","0.73900","0.53961","0.50","1","1","1","1","1.32"
"5881","2002","108","0.76119","0.55135","0.50","1","0","0","1","1.29"
"5882","2002","109","0.78205","0.56221","0.50","0","0","0","0","1.27"
"5883","2002","110+","0.80157","1.00000","1.25","0","0","0","0","1.25"
"5884","2003","0","0.00435","0.00433","0.14","100000","433","99628","7208641","72.09"
"5885","2003","1","0.00040","0.00040","0.50","99567","40","99547","7109013","71.40"
"5886","2003","2","0.00022","0.00022","0.50","99527","22","99516","7009466","70.43"
"5887","2003","3","0.00024","0.00024","0.50","99505","24","99493","6909950","69.44"
"5888","2003","4","0.00020","0.00020","0.50","99481","20","99472","6810456","68.46"
"5889","2003","5","0.00013","0.00013","0.50","99462","13","99455","6710985","67.47"
"5890","2003","6","0.00011","0.00011","0.50","99449","11","99443","6611529","66.48"
"5891","2003","7","0.00019","0.00019","0.50","99438","19","99429","6512086","65.49"
"5892","2003","8","0.00025","0.00025","0.50","99419","25","99407","6412657","64.50"
"5893","2003","9","0.00015","0.00015","0.50","99394","15","99386","6313251","63.52"
"5894","2003","10","0.00015","0.00015","0.50","99379","14","99371","6213864","62.53"
"5895","2003","11","0.00014","0.00014","0.50","99364","14","99357","6114493","61.54"
"5896","2003","12","0.00019","0.00019","0.50","99350","19","99341","6015136","60.54"
"5897","2003","13","0.00028","0.00027","0.50","99331","27","99317","5915795","59.56"
"5898","2003","14","0.00023","0.00023","0.50","99304","22","99292","5816478","58.57"
"5899","2003","15","0.00036","0.00036","0.50","99281","36","99263","5717185","57.59"
"5900","2003","16","0.00040","0.00040","0.50","99246","39","99226","5617922","56.61"
"5901","2003","17","0.00052","0.00052","0.50","99206","52","99181","5518696","55.63"
"5902","2003","18","0.00080","0.00080","0.50","99155","80","99115","5419515","54.66"
"5903","2003","19","0.00089","0.00089","0.50","99075","88","99031","5320400","53.70"
"5904","2003","20","0.00077","0.00077","0.50","98987","76","98948","5221370","52.75"
"5905","2003","21","0.00093","0.00093","0.50","98910","92","98864","5122421","51.79"
"5906","2003","22","0.00109","0.00109","0.50","98818","107","98765","5023557","50.84"
"5907","2003","23","0.00108","0.00108","0.50","98711","106","98658","4924792","49.89"
"5908","2003","24","0.00113","0.00113","0.50","98605","112","98549","4826135","48.94"
"5909","2003","25","0.00098","0.00097","0.50","98493","96","98445","4727586","48.00"
"5910","2003","26","0.00097","0.00097","0.50","98397","95","98349","4629141","47.05"
"5911","2003","27","0.00093","0.00093","0.50","98302","92","98256","4530791","46.09"
"5912","2003","28","0.00103","0.00102","0.50","98210","101","98160","4432535","45.13"
"5913","2003","29","0.00101","0.00101","0.50","98110","99","98060","4334375","44.18"
"5914","2003","30","0.00125","0.00125","0.50","98011","122","97950","4236315","43.22"
"5915","2003","31","0.00099","0.00099","0.50","97888","97","97840","4138365","42.28"
"5916","2003","32","0.00124","0.00124","0.50","97791","121","97731","4040526","41.32"
"5917","2003","33","0.00145","0.00145","0.50","97670","141","97600","3942795","40.37"
"5918","2003","34","0.00143","0.00143","0.50","97529","140","97459","3845195","39.43"
"5919","2003","35","0.00125","0.00125","0.50","97389","122","97329","3747736","38.48"
"5920","2003","36","0.00182","0.00182","0.50","97268","177","97179","3650407","37.53"
"5921","2003","37","0.00166","0.00166","0.50","97091","161","97010","3553228","36.60"
"5922","2003","38","0.00212","0.00212","0.50","96930","205","96827","3456218","35.66"
"5923","2003","39","0.00194","0.00194","0.50","96724","188","96630","3359391","34.73"
"5924","2003","40","0.00221","0.00221","0.50","96537","214","96430","3262760","33.80"
"5925","2003","41","0.00274","0.00274","0.50","96323","264","96191","3166330","32.87"
"5926","2003","42","0.00286","0.00285","0.50","96059","274","95922","3070139","31.96"
"5927","2003","43","0.00304","0.00304","0.50","95785","291","95640","2974217","31.05"
"5928","2003","44","0.00308","0.00307","0.50","95494","293","95348","2878577","30.14"
"5929","2003","45","0.00372","0.00371","0.50","95201","353","95024","2783230","29.24"
"5930","2003","46","0.00482","0.00480","0.50","94848","456","94620","2688206","28.34"
"5931","2003","47","0.00568","0.00567","0.50","94392","535","94124","2593586","27.48"
"5932","2003","48","0.00525","0.00524","0.50","93857","492","93611","2499461","26.63"
"5933","2003","49","0.00620","0.00618","0.50","93366","577","93077","2405850","25.77"
"5934","2003","50","0.00657","0.00654","0.50","92789","607","92485","2312773","24.93"
"5935","2003","51","0.00816","0.00812","0.50","92181","749","91807","2220288","24.09"
"5936","2003","52","0.00884","0.00880","0.50","91433","805","91030","2128481","23.28"
"5937","2003","53","0.00972","0.00967","0.50","90628","877","90190","2037451","22.48"
"5938","2003","54","0.01061","0.01056","0.50","89751","948","89278","1947261","21.70"
"5939","2003","55","0.01170","0.01163","0.50","88804","1033","88287","1857984","20.92"
"5940","2003","56","0.01226","0.01219","0.50","87771","1070","87236","1769696","20.16"
"5941","2003","57","0.01373","0.01363","0.50","86701","1182","86110","1682460","19.41"
"5942","2003","58","0.01514","0.01502","0.50","85519","1285","84877","1596350","18.67"
"5943","2003","59","0.01745","0.01730","0.50","84234","1457","83505","1511474","17.94"
"5944","2003","60","0.01823","0.01807","0.50","82777","1496","82029","1427968","17.25"
"5945","2003","61","0.01892","0.01875","0.50","81281","1524","80519","1345939","16.56"
"5946","2003","62","0.02159","0.02136","0.50","79757","1704","78906","1265420","15.87"
"5947","2003","63","0.02292","0.02266","0.50","78054","1769","77169","1186515","15.20"
"5948","2003","64","0.02295","0.02269","0.50","76285","1731","75419","1109345","14.54"
"5949","2003","65","0.02634","0.02600","0.50","74554","1938","73585","1033926","13.87"
"5950","2003","66","0.03117","0.03069","0.50","72616","2229","71501","960342","13.22"
"5951","2003","67","0.03298","0.03244","0.50","70387","2283","69245","888840","12.63"
"5952","2003","68","0.03449","0.03391","0.50","68103","2309","66949","819595","12.03"
"5953","2003","69","0.03754","0.03685","0.50","65794","2424","64582","752647","11.44"
"5954","2003","70","0.04436","0.04340","0.50","63370","2750","61995","688065","10.86"
"5955","2003","71","0.04511","0.04411","0.50","60620","2674","59283","626070","10.33"
"5956","2003","72","0.04710","0.04601","0.50","57946","2666","56612","566788","9.78"
"5957","2003","73","0.05272","0.05137","0.50","55279","2839","53860","510175","9.23"
"5958","2003","74","0.05773","0.05611","0.50","52440","2942","50969","456316","8.70"
"5959","2003","75","0.06356","0.06160","0.50","49497","3049","47973","405347","8.19"
"5960","2003","76","0.07492","0.07222","0.50","46448","3354","44771","357374","7.69"
"5961","2003","77","0.07933","0.07630","0.50","43094","3288","41450","312603","7.25"
"5962","2003","78","0.08910","0.08530","0.50","39806","3396","38108","271153","6.81"
"5963","2003","79","0.09313","0.08898","0.50","36410","3240","34790","233046","6.40"
"5964","2003","80","0.10730","0.10184","0.50","33170","3378","31481","198255","5.98"
"5965","2003","81","0.11734","0.11083","0.50","29792","3302","28141","166774","5.60"
"5966","2003","82","0.13061","0.12261","0.50","26490","3248","24866","138633","5.23"
"5967","2003","83","0.13669","0.12795","0.50","23242","2974","21755","113767","4.89"
"5968","2003","84","0.15406","0.14304","0.50","20269","2899","18819","92012","4.54"
"5969","2003","85","0.16977","0.15648","0.50","17369","2718","16010","73193","4.21"
"5970","2003","86","0.19738","0.17965","0.50","14651","2632","13335","57182","3.90"
"5971","2003","87","0.20003","0.18185","0.50","12019","2186","10926","43847","3.65"
"5972","2003","88","0.23884","0.21336","0.50","9833","2098","8784","32921","3.35"
"5973","2003","89","0.25644","0.22730","0.50","7735","1758","6856","24136","3.12"
"5974","2003","90","0.27285","0.24009","0.50","5977","1435","5260","17280","2.89"
"5975","2003","91","0.32538","0.27985","0.50","4542","1271","3907","12021","2.65"
"5976","2003","92","0.36537","0.30893","0.50","3271","1010","2766","8114","2.48"
"5977","2003","93","0.37390","0.31501","0.50","2260","712","1904","5348","2.37"
"5978","2003","94","0.41998","0.34710","0.50","1548","537","1280","3444","2.22"
"5979","2003","95","0.42313","0.34924","0.50","1011","353","834","2164","2.14"
"5980","2003","96","0.45341","0.36962","0.50","658","243","536","1330","2.02"
"5981","2003","97","0.48405","0.38972","0.50","415","162","334","794","1.91"
"5982","2003","98","0.51480","0.40942","0.50","253","104","201","460","1.82"
"5983","2003","99","0.54544","0.42856","0.50","149","64","117","258","1.73"
"5984","2003","100","0.57574","0.44705","0.50","85","38","66","141","1.65"
"5985","2003","101","0.60548","0.46478","0.50","47","22","36","75","1.58"
"5986","2003","102","0.63447","0.48167","0.50","25","12","19","38","1.51"
"5987","2003","103","0.66250","0.49766","0.50","13","7","10","19","1.46"
"5988","2003","104","0.68945","0.51270","0.50","7","3","5","9","1.41"
"5989","2003","105","0.71516","0.52679","0.50","3","2","2","4","1.36"
"5990","2003","106","0.73955","0.53991","0.50","2","1","1","2","1.32"
"5991","2003","107","0.76255","0.55206","0.50","1","0","1","1","1.29"
"5992","2003","108","0.78410","0.56327","0.50","0","0","0","0","1.26"
"5993","2003","109","0.80421","0.57357","0.50","0","0","0","0","1.23"
"5994","2003","110+","0.82286","1.00000","1.22","0","0","0","0","1.22"
"5995","2004","0","0.00429","0.00427","0.14","100000","427","99633","7261225","72.61"
"5996","2004","1","0.00031","0.00031","0.50","99573","31","99557","7161592","71.92"
"5997","2004","2","0.00013","0.00013","0.50","99542","13","99535","7062035","70.95"
"5998","2004","3","0.00019","0.00019","0.50","99529","19","99519","6962499","69.95"
"5999","2004","4","0.00024","0.00024","0.50","99509","24","99498","6862980","68.97"
"6000","2004","5","0.00009","0.00009","0.50","99486","9","99481","6763483","67.98"
"6001","2004","6","0.00009","0.00009","0.50","99477","9","99473","6664001","66.99"
"6002","2004","7","0.00028","0.00028","0.50","99468","28","99454","6564529","66.00"
"6003","2004","8","0.00015","0.00015","0.50","99440","15","99433","6465074","65.01"
"6004","2004","9","0.00016","0.00016","0.50","99426","16","99418","6365641","64.02"
"6005","2004","10","0.00015","0.00015","0.50","99410","15","99403","6266223","63.03"
"6006","2004","11","0.00014","0.00014","0.50","99395","14","99388","6166821","62.04"
"6007","2004","12","0.00019","0.00019","0.50","99381","19","99371","6067433","61.05"
"6008","2004","13","0.00018","0.00018","0.50","99362","18","99353","5968062","60.06"
"6009","2004","14","0.00014","0.00014","0.50","99344","14","99337","5868709","59.07"
"6010","2004","15","0.00030","0.00030","0.50","99330","30","99316","5769372","58.08"
"6011","2004","16","0.00041","0.00041","0.50","99301","41","99280","5670056","57.10"
"6012","2004","17","0.00057","0.00057","0.50","99260","56","99231","5570776","56.12"
"6013","2004","18","0.00086","0.00086","0.50","99203","86","99160","5471545","55.15"
"6014","2004","19","0.00091","0.00091","0.50","99117","90","99072","5372385","54.20"
"6015","2004","20","0.00108","0.00108","0.50","99027","107","98973","5273312","53.25"
"6016","2004","21","0.00092","0.00092","0.50","98920","91","98874","5174339","52.31"
"6017","2004","22","0.00099","0.00099","0.50","98829","98","98780","5075464","51.36"
"6018","2004","23","0.00098","0.00098","0.50","98731","96","98683","4976685","50.41"
"6019","2004","24","0.00089","0.00089","0.50","98635","88","98591","4878002","49.46"
"6020","2004","25","0.00086","0.00086","0.50","98547","84","98505","4779411","48.50"
"6021","2004","26","0.00125","0.00125","0.50","98462","123","98401","4680906","47.54"
"6022","2004","27","0.00090","0.00090","0.50","98340","88","98296","4582505","46.60"
"6023","2004","28","0.00089","0.00089","0.50","98252","87","98208","4484210","45.64"
"6024","2004","29","0.00100","0.00100","0.50","98165","98","98115","4386002","44.68"
"6025","2004","30","0.00092","0.00092","0.50","98066","90","98021","4287886","43.72"
"6026","2004","31","0.00112","0.00112","0.50","97976","110","97921","4189865","42.76"
"6027","2004","32","0.00107","0.00106","0.50","97866","104","97814","4091944","41.81"
"6028","2004","33","0.00109","0.00109","0.50","97762","106","97709","3994129","40.86"
"6029","2004","34","0.00129","0.00129","0.50","97656","126","97593","3896420","39.90"
"6030","2004","35","0.00150","0.00150","0.50","97530","146","97457","3798827","38.95"
"6031","2004","36","0.00158","0.00158","0.50","97384","154","97307","3701370","38.01"
"6032","2004","37","0.00172","0.00172","0.50","97230","167","97147","3604063","37.07"
"6033","2004","38","0.00191","0.00191","0.50","97063","185","96971","3506916","36.13"
"6034","2004","39","0.00202","0.00202","0.50","96878","195","96780","3409945","35.20"
"6035","2004","40","0.00211","0.00211","0.50","96682","204","96581","3313165","34.27"
"6036","2004","41","0.00243","0.00243","0.50","96479","234","96362","3216585","33.34"
"6037","2004","42","0.00268","0.00267","0.50","96244","257","96116","3120223","32.42"
"6038","2004","43","0.00298","0.00298","0.50","95987","286","95844","3024107","31.51"
"6039","2004","44","0.00328","0.00327","0.50","95702","313","95545","2928263","30.60"
"6040","2004","45","0.00372","0.00371","0.50","95388","354","95211","2832718","29.70"
"6041","2004","46","0.00446","0.00445","0.50","95034","423","94823","2737507","28.81"
"6042","2004","47","0.00479","0.00478","0.50","94611","452","94385","2642684","27.93"
"6043","2004","48","0.00566","0.00564","0.50","94159","531","93894","2548299","27.06"
"6044","2004","49","0.00616","0.00614","0.50","93628","575","93341","2454405","26.21"
"6045","2004","50","0.00676","0.00674","0.50","93053","627","92740","2361065","25.37"
"6046","2004","51","0.00701","0.00699","0.50","92427","646","92104","2268325","24.54"
"6047","2004","52","0.00822","0.00819","0.50","91781","752","91405","2176221","23.71"
"6048","2004","53","0.00988","0.00983","0.50","91029","895","90582","2084816","22.90"
"6049","2004","54","0.01036","0.01031","0.50","90134","929","89670","1994235","22.13"
"6050","2004","55","0.01150","0.01143","0.50","89205","1020","88696","1904565","21.35"
"6051","2004","56","0.01235","0.01227","0.50","88186","1082","87645","1815869","20.59"
"6052","2004","57","0.01248","0.01240","0.50","87103","1080","86563","1728224","19.84"
"6053","2004","58","0.01401","0.01391","0.50","86023","1197","85425","1641661","19.08"
"6054","2004","59","0.01637","0.01624","0.50","84826","1377","84138","1556236","18.35"
"6055","2004","60","0.01767","0.01752","0.50","83449","1462","82718","1472099","17.64"
"6056","2004","61","0.01921","0.01902","0.50","81987","1560","81207","1389381","16.95"
"6057","2004","62","0.02029","0.02008","0.50","80428","1615","79620","1308173","16.27"
"6058","2004","63","0.02134","0.02112","0.50","78812","1664","77980","1228553","15.59"
"6059","2004","64","0.02352","0.02324","0.50","77148","1793","76252","1150573","14.91"
"6060","2004","65","0.02525","0.02494","0.50","75355","1879","74415","1074322","14.26"
"6061","2004","66","0.02865","0.02825","0.50","73476","2076","72438","999906","13.61"
"6062","2004","67","0.03073","0.03026","0.50","71400","2161","70320","927468","12.99"
"6063","2004","68","0.03483","0.03423","0.50","69239","2370","68054","857149","12.38"
"6064","2004","69","0.03615","0.03550","0.50","66869","2374","65682","789094","11.80"
"6065","2004","70","0.03931","0.03856","0.50","64495","2487","63252","723412","11.22"
"6066","2004","71","0.04134","0.04050","0.50","62008","2512","60753","660160","10.65"
"6067","2004","72","0.04693","0.04585","0.50","59497","2728","58133","599408","10.07"
"6068","2004","73","0.05121","0.04993","0.50","56769","2835","55352","541275","9.53"
"6069","2004","74","0.05646","0.05491","0.50","53934","2961","52453","485923","9.01"
"6070","2004","75","0.05962","0.05790","0.50","50973","2951","49497","433470","8.50"
"6071","2004","76","0.06748","0.06527","0.50","48022","3135","46454","383973","8.00"
"6072","2004","77","0.07553","0.07278","0.50","44887","3267","43254","337518","7.52"
"6073","2004","78","0.08054","0.07742","0.50","41620","3222","40009","294265","7.07"
"6074","2004","79","0.08934","0.08552","0.50","38398","3284","36756","254256","6.62"
"6075","2004","80","0.09918","0.09449","0.50","35114","3318","33455","217499","6.19"
"6076","2004","81","0.11135","0.10548","0.50","31796","3354","30120","184044","5.79"
"6077","2004","82","0.12484","0.11751","0.50","28443","3342","26772","153924","5.41"
"6078","2004","83","0.13513","0.12658","0.50","25100","3177","23512","127153","5.07"
"6079","2004","84","0.14712","0.13704","0.50","21923","3004","20421","103641","4.73"
"6080","2004","85","0.16726","0.15435","0.50","18919","2920","17459","83220","4.40"
"6081","2004","86","0.17769","0.16319","0.50","15999","2611","14693","65761","4.11"
"6082","2004","87","0.19275","0.17581","0.50","13388","2354","12211","51068","3.81"
"6083","2004","88","0.21310","0.19258","0.50","11034","2125","9972","38857","3.52"
"6084","2004","89","0.26045","0.23044","0.50","8909","2053","7883","28885","3.24"
"6085","2004","90","0.27296","0.24018","0.50","6856","1647","6033","21002","3.06"
"6086","2004","91","0.29095","0.25400","0.50","5209","1323","4548","14969","2.87"
"6087","2004","92","0.32675","0.28086","0.50","3886","1092","3341","10421","2.68"
"6088","2004","93","0.35789","0.30357","0.50","2795","848","2371","7081","2.53"
"6089","2004","94","0.35711","0.30301","0.50","1946","590","1651","4710","2.42"
"6090","2004","95","0.39839","0.33222","0.50","1357","451","1131","3059","2.25"
"6091","2004","96","0.42738","0.35213","0.50","906","319","746","1927","2.13"
"6092","2004","97","0.45687","0.37191","0.50","587","218","478","1181","2.01"
"6093","2004","98","0.48667","0.39142","0.50","369","144","296","703","1.91"
"6094","2004","99","0.51656","0.41053","0.50","224","92","178","407","1.81"
"6095","2004","100","0.54634","0.42912","0.50","132","57","104","229","1.73"
"6096","2004","101","0.57578","0.44708","0.50","75","34","59","125","1.65"
"6097","2004","102","0.60470","0.46432","0.50","42","19","32","66","1.58"
"6098","2004","103","0.63291","0.48077","0.50","22","11","17","34","1.52"
"6099","2004","104","0.66023","0.49637","0.50","12","6","9","17","1.46"
"6100","2004","105","0.68653","0.51109","0.50","6","3","4","8","1.41"
"6101","2004","106","0.71168","0.52490","0.50","3","2","2","4","1.37"
"6102","2004","107","0.73559","0.53779","0.50","1","1","1","2","1.33"
"6103","2004","108","0.75819","0.54977","0.50","1","0","0","1","1.30"
"6104","2004","109","0.77944","0.56086","0.50","0","0","0","0","1.27"
"6105","2004","110+","0.79931","1.00000","1.25","0","0","0","0","1.25"
"6106","2005","0","0.00411","0.00409","0.14","100000","409","99648","7295524","72.96"
"6107","2005","1","0.00031","0.00031","0.50","99591","30","99575","7195876","72.25"
"6108","2005","2","0.00021","0.00021","0.50","99560","21","99550","7096301","71.28"
"6109","2005","3","0.00013","0.00013","0.50","99539","13","99533","6996751","70.29"
"6110","2005","4","0.00006","0.00006","0.50","99526","6","99523","6897218","69.30"
"6111","2005","5","0.00009","0.00009","0.50","99520","9","99516","6797695","68.30"
"6112","2005","6","0.00017","0.00017","0.50","99511","17","99503","6698179","67.31"
"6113","2005","7","0.00011","0.00011","0.50","99494","11","99489","6598677","66.32"
"6114","2005","8","0.00015","0.00015","0.50","99483","15","99476","6499188","65.33"
"6115","2005","9","0.00017","0.00017","0.50","99468","17","99460","6399712","64.34"
"6116","2005","10","0.00014","0.00014","0.50","99451","14","99445","6300253","63.35"
"6117","2005","11","0.00009","0.00009","0.50","99438","8","99434","6200808","62.36"
"6118","2005","12","0.00029","0.00029","0.50","99429","29","99415","6101374","61.36"
"6119","2005","13","0.00020","0.00020","0.50","99401","20","99391","6001959","60.38"
"6120","2005","14","0.00019","0.00019","0.50","99380","19","99371","5902569","59.39"
"6121","2005","15","0.00024","0.00024","0.50","99361","24","99349","5803198","58.41"
"6122","2005","16","0.00036","0.00036","0.50","99337","35","99319","5703849","57.42"
"6123","2005","17","0.00044","0.00044","0.50","99302","44","99280","5604529","56.44"
"6124","2005","18","0.00080","0.00080","0.50","99258","79","99218","5505250","55.46"
"6125","2005","19","0.00090","0.00090","0.50","99179","89","99134","5406031","54.51"
"6126","2005","20","0.00081","0.00081","0.50","99089","80","99049","5306897","53.56"
"6127","2005","21","0.00085","0.00085","0.50","99010","84","98967","5207848","52.60"
"6128","2005","22","0.00116","0.00116","0.50","98925","115","98868","5108881","51.64"
"6129","2005","23","0.00095","0.00094","0.50","98810","93","98764","5010013","50.70"
"6130","2005","24","0.00096","0.00096","0.50","98717","95","98670","4911249","49.75"
"6131","2005","25","0.00107","0.00107","0.50","98622","105","98570","4812580","48.80"
"6132","2005","26","0.00096","0.00096","0.50","98517","95","98470","4714010","47.85"
"6133","2005","27","0.00083","0.00083","0.50","98422","82","98381","4615540","46.90"
"6134","2005","28","0.00089","0.00089","0.50","98340","88","98296","4517158","45.93"
"6135","2005","29","0.00090","0.00090","0.50","98252","89","98208","4418862","44.97"
"6136","2005","30","0.00115","0.00115","0.50","98164","113","98107","4320654","44.01"
"6137","2005","31","0.00110","0.00110","0.50","98051","108","97997","4222547","43.06"
"6138","2005","32","0.00117","0.00117","0.50","97942","115","97885","4124550","42.11"
"6139","2005","33","0.00121","0.00121","0.50","97828","119","97768","4026665","41.16"
"6140","2005","34","0.00125","0.00125","0.50","97709","122","97648","3928897","40.21"
"6141","2005","35","0.00109","0.00109","0.50","97587","107","97533","3831249","39.26"
"6142","2005","36","0.00149","0.00149","0.50","97480","146","97407","3733716","38.30"
"6143","2005","37","0.00169","0.00169","0.50","97335","164","97252","3636308","37.36"
"6144","2005","38","0.00173","0.00173","0.50","97170","168","97086","3539056","36.42"
"6145","2005","39","0.00195","0.00195","0.50","97002","189","96908","3441970","35.48"
"6146","2005","40","0.00201","0.00201","0.50","96813","195","96716","3345062","34.55"
"6147","2005","41","0.00242","0.00242","0.50","96618","234","96501","3248346","33.62"
"6148","2005","42","0.00245","0.00245","0.50","96385","236","96266","3151845","32.70"
"6149","2005","43","0.00272","0.00272","0.50","96148","261","96018","3055579","31.78"
"6150","2005","44","0.00317","0.00316","0.50","95887","303","95736","2959561","30.87"
"6151","2005","45","0.00326","0.00326","0.50","95584","312","95428","2863825","29.96"
"6152","2005","46","0.00427","0.00426","0.50","95272","406","95070","2768397","29.06"
"6153","2005","47","0.00465","0.00464","0.50","94867","440","94647","2673328","28.18"
"6154","2005","48","0.00556","0.00554","0.50","94427","524","94165","2578681","27.31"
"6155","2005","49","0.00633","0.00631","0.50","93903","593","93607","2484516","26.46"
"6156","2005","50","0.00662","0.00659","0.50","93310","615","93003","2390909","25.62"
"6157","2005","51","0.00687","0.00685","0.50","92695","635","92378","2297907","24.79"
"6158","2005","52","0.00768","0.00766","0.50","92060","705","91708","2205529","23.96"
"6159","2005","53","0.00901","0.00897","0.50","91356","820","90946","2113821","23.14"
"6160","2005","54","0.00962","0.00957","0.50","90536","866","90103","2022875","22.34"
"6161","2005","55","0.01081","0.01076","0.50","89669","965","89187","1932773","21.55"
"6162","2005","56","0.01168","0.01161","0.50","88705","1030","88190","1843585","20.78"
"6163","2005","57","0.01269","0.01261","0.50","87675","1105","87122","1755396","20.02"
"6164","2005","58","0.01463","0.01453","0.50","86569","1257","85941","1668274","19.27"
"6165","2005","59","0.01552","0.01540","0.50","85312","1314","84655","1582333","18.55"
"6166","2005","60","0.01701","0.01687","0.50","83998","1417","83289","1497678","17.83"
"6167","2005","61","0.01906","0.01888","0.50","82581","1559","81801","1414389","17.13"
"6168","2005","62","0.02002","0.01982","0.50","81022","1606","80219","1332588","16.45"
"6169","2005","63","0.02109","0.02087","0.50","79415","1657","78587","1252370","15.77"
"6170","2005","64","0.02240","0.02215","0.50","77758","1722","76897","1173783","15.10"
"6171","2005","65","0.02577","0.02545","0.50","76036","1935","75069","1096886","14.43"
"6172","2005","66","0.02650","0.02615","0.50","74101","1938","73132","1021817","13.79"
"6173","2005","67","0.02927","0.02885","0.50","72164","2082","71123","948685","13.15"
"6174","2005","68","0.03169","0.03120","0.50","70082","2186","68989","877562","12.52"
"6175","2005","69","0.03571","0.03509","0.50","67895","2382","66704","808574","11.91"
"6176","2005","70","0.03841","0.03769","0.50","65513","2469","64279","741869","11.32"
"6177","2005","71","0.04118","0.04035","0.50","63044","2544","61772","677591","10.75"
"6178","2005","72","0.04492","0.04393","0.50","60500","2658","59171","615819","10.18"
"6179","2005","73","0.04951","0.04831","0.50","57842","2795","56445","556647","9.62"
"6180","2005","74","0.05414","0.05272","0.50","55048","2902","53597","500202","9.09"
"6181","2005","75","0.06040","0.05863","0.50","52146","3057","50617","446605","8.56"
"6182","2005","76","0.06491","0.06287","0.50","49089","3086","47546","395988","8.07"
"6183","2005","77","0.07429","0.07163","0.50","46002","3295","44355","348442","7.57"
"6184","2005","78","0.07982","0.07676","0.50","42707","3278","41068","304087","7.12"
"6185","2005","79","0.09097","0.08701","0.50","39429","3431","37714","263019","6.67"
"6186","2005","80","0.09565","0.09129","0.50","35998","3286","34355","225305","6.26"
"6187","2005","81","0.10530","0.10003","0.50","32712","3272","31076","190950","5.84"
"6188","2005","82","0.12416","0.11690","0.50","29440","3442","27719","159874","5.43"
"6189","2005","83","0.13970","0.13058","0.50","25998","3395","24301","132155","5.08"
"6190","2005","84","0.14792","0.13773","0.50","22603","3113","21047","107854","4.77"
"6191","2005","85","0.15897","0.14727","0.50","19490","2870","18055","86808","4.45"
"6192","2005","86","0.17943","0.16466","0.50","16620","2737","15252","68752","4.14"
"6193","2005","87","0.19058","0.17400","0.50","13883","2416","12675","53501","3.85"
"6194","2005","88","0.21393","0.19326","0.50","11468","2216","10359","40825","3.56"
"6195","2005","89","0.24485","0.21815","0.50","9251","2018","8242","30466","3.29"
"6196","2005","90","0.28021","0.24578","0.50","7233","1778","6344","22224","3.07"
"6197","2005","91","0.29538","0.25737","0.50","5455","1404","4753","15879","2.91"
"6198","2005","92","0.31976","0.27568","0.50","4051","1117","3493","11126","2.75"
"6199","2005","93","0.31025","0.26858","0.50","2934","788","2540","7633","2.60"
"6200","2005","94","0.37118","0.31308","0.50","2146","672","1810","5093","2.37"
"6201","2005","95","0.40346","0.33574","0.50","1474","495","1227","3282","2.23"
"6202","2005","96","0.43341","0.35622","0.50","979","349","805","2055","2.10"
"6203","2005","97","0.46385","0.37652","0.50","631","237","512","1250","1.98"
"6204","2005","98","0.49456","0.39651","0.50","393","156","315","739","1.88"
"6205","2005","99","0.52531","0.41604","0.50","237","99","188","423","1.78"
"6206","2005","100","0.55588","0.43498","0.50","139","60","108","236","1.70"
"6207","2005","101","0.58602","0.45322","0.50","78","35","61","127","1.62"
"6208","2005","102","0.61553","0.47068","0.50","43","20","33","67","1.56"
"6209","2005","103","0.64422","0.48727","0.50","23","11","17","34","1.49"
"6210","2005","104","0.67191","0.50294","0.50","12","6","9","17","1.44"
"6211","2005","105","0.69845","0.51767","0.50","6","3","4","8","1.39"
"6212","2005","106","0.72373","0.53142","0.50","3","1","2","4","1.35"
"6213","2005","107","0.74765","0.54421","0.50","1","1","1","2","1.31"
"6214","2005","108","0.77016","0.55604","0.50","1","0","0","1","1.28"
"6215","2005","109","0.79122","0.56694","0.50","0","0","0","0","1.25"
"6216","2005","110+","0.81083","1.00000","1.23","0","0","0","0","1.23"
"6217","2006","0","0.00402","0.00401","0.14","100000","401","99656","7347575","73.48"
"6218","2006","1","0.00025","0.00025","0.50","99599","25","99586","7247920","72.77"
"6219","2006","2","0.00016","0.00016","0.50","99574","16","99566","7148333","71.79"
"6220","2006","3","0.00025","0.00025","0.50","99558","25","99545","7048767","70.80"
"6221","2006","4","0.00019","0.00019","0.50","99533","19","99523","6949222","69.82"
"6222","2006","5","0.00015","0.00015","0.50","99514","15","99506","6849699","68.83"
"6223","2006","6","0.00020","0.00020","0.50","99499","19","99489","6750193","67.84"
"6224","2006","7","0.00020","0.00020","0.50","99479","19","99469","6650704","66.86"
"6225","2006","8","0.00013","0.00013","0.50","99460","13","99453","6551235","65.87"
"6226","2006","9","0.00028","0.00028","0.50","99447","28","99433","6451781","64.88"
"6227","2006","10","0.00015","0.00015","0.50","99419","15","99412","6352349","63.89"
"6228","2006","11","0.00012","0.00012","0.50","99404","12","99398","6252937","62.90"
"6229","2006","12","0.00015","0.00015","0.50","99393","15","99385","6153539","61.91"
"6230","2006","13","0.00018","0.00018","0.50","99377","18","99369","6054154","60.92"
"6231","2006","14","0.00025","0.00025","0.50","99360","25","99347","5954785","59.93"
"6232","2006","15","0.00028","0.00028","0.50","99335","28","99321","5855438","58.95"
"6233","2006","16","0.00047","0.00047","0.50","99307","47","99284","5756117","57.96"
"6234","2006","17","0.00041","0.00041","0.50","99260","41","99240","5656833","56.99"
"6235","2006","18","0.00085","0.00085","0.50","99219","84","99177","5557593","56.01"
"6236","2006","19","0.00076","0.00076","0.50","99135","76","99097","5458416","55.06"
"6237","2006","20","0.00088","0.00088","0.50","99059","87","99016","5359319","54.10"
"6238","2006","21","0.00098","0.00098","0.50","98972","97","98923","5260303","53.15"
"6239","2006","22","0.00076","0.00076","0.50","98875","75","98837","5161380","52.20"
"6240","2006","23","0.00092","0.00092","0.50","98800","91","98754","5062543","51.24"
"6241","2006","24","0.00095","0.00095","0.50","98709","94","98662","4963789","50.29"
"6242","2006","25","0.00070","0.00070","0.50","98615","69","98580","4865127","49.33"
"6243","2006","26","0.00088","0.00088","0.50","98545","87","98502","4766547","48.37"
"6244","2006","27","0.00073","0.00073","0.50","98458","71","98423","4668046","47.41"
"6245","2006","28","0.00073","0.00073","0.50","98387","72","98351","4569623","46.45"
"6246","2006","29","0.00094","0.00094","0.50","98315","93","98268","4471272","45.48"
"6247","2006","30","0.00076","0.00076","0.50","98222","75","98185","4373004","44.52"
"6248","2006","31","0.00098","0.00098","0.50","98147","96","98099","4274819","43.56"
"6249","2006","32","0.00087","0.00087","0.50","98051","85","98008","4176720","42.60"
"6250","2006","33","0.00110","0.00110","0.50","97965","108","97911","4078712","41.63"
"6251","2006","34","0.00111","0.00111","0.50","97857","108","97803","3980800","40.68"
"6252","2006","35","0.00131","0.00131","0.50","97749","128","97685","3882997","39.72"
"6253","2006","36","0.00127","0.00126","0.50","97621","123","97559","3785312","38.78"
"6254","2006","37","0.00163","0.00163","0.50","97498","159","97418","3687753","37.82"
"6255","2006","38","0.00156","0.00156","0.50","97339","151","97263","3590334","36.88"
"6256","2006","39","0.00177","0.00177","0.50","97187","172","97101","3493071","35.94"
"6257","2006","40","0.00200","0.00200","0.50","97015","194","96918","3395970","35.00"
"6258","2006","41","0.00225","0.00225","0.50","96821","218","96713","3299051","34.07"
"6259","2006","42","0.00230","0.00230","0.50","96604","222","96493","3202339","33.15"
"6260","2006","43","0.00250","0.00249","0.50","96382","240","96262","3105846","32.22"
"6261","2006","44","0.00336","0.00335","0.50","96142","322","95980","3009584","31.30"
"6262","2006","45","0.00351","0.00350","0.50","95819","336","95652","2913604","30.41"
"6263","2006","46","0.00401","0.00400","0.50","95484","382","95293","2817952","29.51"
"6264","2006","47","0.00468","0.00467","0.50","95102","444","94880","2722659","28.63"
"6265","2006","48","0.00506","0.00505","0.50","94658","478","94418","2627780","27.76"
"6266","2006","49","0.00554","0.00552","0.50","94179","520","93919","2533361","26.90"
"6267","2006","50","0.00585","0.00583","0.50","93659","546","93386","2439442","26.05"
"6268","2006","51","0.00704","0.00702","0.50","93113","653","92786","2346056","25.20"
"6269","2006","52","0.00807","0.00804","0.50","92460","743","92088","2253270","24.37"
"6270","2006","53","0.00846","0.00843","0.50","91717","773","91330","2161181","23.56"
"6271","2006","54","0.00974","0.00969","0.50","90944","882","90503","2069851","22.76"
"6272","2006","55","0.01076","0.01071","0.50","90062","964","89580","1979348","21.98"
"6273","2006","56","0.01084","0.01079","0.50","89098","961","88617","1889768","21.21"
"6274","2006","57","0.01233","0.01226","0.50","88137","1080","87597","1801151","20.44"
"6275","2006","58","0.01281","0.01273","0.50","87057","1108","86502","1713554","19.68"
"6276","2006","59","0.01393","0.01383","0.50","85948","1189","85354","1627052","18.93"
"6277","2006","60","0.01653","0.01639","0.50","84759","1389","84065","1541698","18.19"
"6278","2006","61","0.01774","0.01759","0.50","83370","1466","82637","1457633","17.48"
"6279","2006","62","0.02053","0.02032","0.50","81904","1665","81072","1374996","16.79"
"6280","2006","63","0.02071","0.02050","0.50","80239","1645","79417","1293924","16.13"
"6281","2006","64","0.02266","0.02240","0.50","78594","1761","77714","1214508","15.45"
"6282","2006","65","0.02358","0.02331","0.50","76834","1791","75938","1136793","14.80"
"6283","2006","66","0.02522","0.02491","0.50","75043","1869","74109","1060855","14.14"
"6284","2006","67","0.02869","0.02829","0.50","73174","2070","72139","986746","13.48"
"6285","2006","68","0.03103","0.03056","0.50","71104","2173","70018","914607","12.86"
"6286","2006","69","0.03388","0.03331","0.50","68931","2296","67783","844589","12.25"
"6287","2006","70","0.03530","0.03469","0.50","66635","2311","65479","776806","11.66"
"6288","2006","71","0.03841","0.03768","0.50","64324","2424","63112","711327","11.06"
"6289","2006","72","0.04236","0.04148","0.50","61900","2568","60616","648215","10.47"
"6290","2006","73","0.04633","0.04528","0.50","59332","2686","57989","587599","9.90"
"6291","2006","74","0.05132","0.05004","0.50","56646","2834","55229","529610","9.35"
"6292","2006","75","0.05805","0.05642","0.50","53811","3036","52293","474381","8.82"
"6293","2006","76","0.06119","0.05938","0.50","50776","3015","49268","422087","8.31"
"6294","2006","77","0.06684","0.06468","0.50","47761","3089","46216","372819","7.81"
"6295","2006","78","0.07469","0.07200","0.50","44672","3216","43063","326603","7.31"
"6296","2006","79","0.08615","0.08259","0.50","41455","3424","39743","283540","6.84"
"6297","2006","80","0.09061","0.08668","0.50","38032","3297","36383","243796","6.41"
"6298","2006","81","0.09959","0.09486","0.50","34735","3295","33087","207413","5.97"
"6299","2006","82","0.11752","0.11100","0.50","31440","3490","29695","174326","5.54"
"6300","2006","83","0.12668","0.11913","0.50","27950","3330","26285","144631","5.17"
"6301","2006","84","0.14175","0.13237","0.50","24620","3259","22991","118346","4.81"
"6302","2006","85","0.16927","0.15606","0.50","21361","3334","19694","95355","4.46"
"6303","2006","86","0.17226","0.15860","0.50","18028","2859","16598","75661","4.20"
"6304","2006","87","0.20121","0.18282","0.50","15168","2773","13782","59063","3.89"
"6305","2006","88","0.20448","0.18551","0.50","12395","2299","11246","45281","3.65"
"6306","2006","89","0.22247","0.20020","0.50","10096","2021","9085","34035","3.37"
"6307","2006","90","0.25901","0.22931","0.50","8075","1852","7149","24950","3.09"
"6308","2006","91","0.31925","0.27530","0.50","6223","1713","5366","17801","2.86"
"6309","2006","92","0.31752","0.27402","0.50","4510","1236","3892","12435","2.76"
"6310","2006","93","0.32736","0.28131","0.50","3274","921","2814","8543","2.61"
"6311","2006","94","0.34588","0.29488","0.50","2353","694","2006","5729","2.43"
"6312","2006","95","0.39871","0.33244","0.50","1659","552","1383","3723","2.24"
"6313","2006","96","0.42919","0.35336","0.50","1108","391","912","2340","2.11"
"6314","2006","97","0.46021","0.37412","0.50","716","268","582","1428","1.99"
"6315","2006","98","0.49155","0.39457","0.50","448","177","360","846","1.89"
"6316","2006","99","0.52295","0.41455","0.50","271","113","215","486","1.79"
"6317","2006","100","0.55417","0.43393","0.50","159","69","124","271","1.70"
"6318","2006","101","0.58497","0.45259","0.50","90","41","70","146","1.63"
"6319","2006","102","0.61512","0.47043","0.50","49","23","38","77","1.56"
"6320","2006","103","0.64441","0.48737","0.50","26","13","20","39","1.49"
"6321","2006","104","0.67266","0.50336","0.50","13","7","10","19","1.44"
"6322","2006","105","0.69971","0.51836","0.50","7","3","5","9","1.39"
"6323","2006","106","0.72543","0.53234","0.50","3","2","2","4","1.34"
"6324","2006","107","0.74975","0.54532","0.50","1","1","1","2","1.31"
"6325","2006","108","0.77258","0.55730","0.50","1","0","0","1","1.27"
"6326","2006","109","0.79390","0.56831","0.50","0","0","0","0","1.25"
"6327","2006","110+","0.81371","1.00000","1.23","0","0","0","0","1.23"
"6328","2007","0","0.00386","0.00385","0.14","100000","385","99670","7369778","73.70"
"6329","2007","1","0.00028","0.00028","0.50","99615","28","99601","7270108","72.98"
"6330","2007","2","0.00031","0.00031","0.50","99587","31","99572","7170506","72.00"
"6331","2007","3","0.00022","0.00022","0.50","99557","22","99545","7070934","71.02"
"6332","2007","4","0.00015","0.00015","0.50","99534","15","99527","6971389","70.04"
"6333","2007","5","0.00015","0.00015","0.50","99520","15","99512","6871862","69.05"
"6334","2007","6","0.00006","0.00006","0.50","99505","6","99502","6772350","68.06"
"6335","2007","7","0.00009","0.00009","0.50","99498","9","99494","6672848","67.06"
"6336","2007","8","0.00013","0.00013","0.50","99490","13","99483","6573354","66.07"
"6337","2007","9","0.00013","0.00013","0.50","99477","13","99470","6473871","65.08"
"6338","2007","10","0.00022","0.00022","0.50","99464","21","99453","6374400","64.09"
"6339","2007","11","0.00010","0.00010","0.50","99442","10","99437","6274947","63.10"
"6340","2007","12","0.00012","0.00012","0.50","99432","12","99426","6175510","62.11"
"6341","2007","13","0.00019","0.00019","0.50","99420","19","99411","6076084","61.12"
"6342","2007","14","0.00022","0.00022","0.50","99402","22","99391","5976672","60.13"
"6343","2007","15","0.00017","0.00017","0.50","99380","17","99371","5877282","59.14"
"6344","2007","16","0.00041","0.00041","0.50","99362","41","99342","5777911","58.15"
"6345","2007","17","0.00047","0.00047","0.50","99321","47","99298","5678569","57.17"
"6346","2007","18","0.00080","0.00080","0.50","99275","79","99235","5579270","56.20"
"6347","2007","19","0.00080","0.00080","0.50","99196","80","99156","5480035","55.24"
"6348","2007","20","0.00113","0.00113","0.50","99116","112","99060","5380879","54.29"
"6349","2007","21","0.00090","0.00090","0.50","99004","89","98960","5281818","53.35"
"6350","2007","22","0.00088","0.00088","0.50","98915","87","98872","5182859","52.40"
"6351","2007","23","0.00089","0.00089","0.50","98828","88","98784","5083987","51.44"
"6352","2007","24","0.00112","0.00112","0.50","98740","110","98685","4985203","50.49"
"6353","2007","25","0.00105","0.00105","0.50","98629","104","98577","4886519","49.54"
"6354","2007","26","0.00090","0.00090","0.50","98526","88","98481","4787941","48.60"
"6355","2007","27","0.00095","0.00095","0.50","98437","93","98391","4689460","47.64"
"6356","2007","28","0.00100","0.00100","0.50","98344","98","98295","4591069","46.68"
"6357","2007","29","0.00103","0.00103","0.50","98246","102","98195","4492774","45.73"
"6358","2007","30","0.00096","0.00096","0.50","98144","94","98097","4394579","44.78"
"6359","2007","31","0.00091","0.00091","0.50","98050","89","98006","4296482","43.82"
"6360","2007","32","0.00081","0.00081","0.50","97961","80","97921","4198476","42.86"
"6361","2007","33","0.00118","0.00118","0.50","97882","115","97824","4100555","41.89"
"6362","2007","34","0.00129","0.00129","0.50","97766","126","97703","4002731","40.94"
"6363","2007","35","0.00139","0.00139","0.50","97640","136","97572","3905028","39.99"
"6364","2007","36","0.00123","0.00123","0.50","97504","120","97445","3807456","39.05"
"6365","2007","37","0.00163","0.00162","0.50","97385","158","97306","3710011","38.10"
"6366","2007","38","0.00182","0.00182","0.50","97226","177","97138","3612706","37.16"
"6367","2007","39","0.00204","0.00204","0.50","97050","198","96951","3515567","36.22"
"6368","2007","40","0.00198","0.00198","0.50","96852","192","96756","3418617","35.30"
"6369","2007","41","0.00194","0.00194","0.50","96660","188","96566","3321861","34.37"
"6370","2007","42","0.00226","0.00226","0.50","96472","218","96363","3225295","33.43"
"6371","2007","43","0.00268","0.00267","0.50","96255","257","96126","3128932","32.51"
"6372","2007","44","0.00278","0.00278","0.50","95997","267","95864","3032806","31.59"
"6373","2007","45","0.00325","0.00324","0.50","95731","311","95575","2936942","30.68"
"6374","2007","46","0.00352","0.00352","0.50","95420","336","95252","2841366","29.78"
"6375","2007","47","0.00395","0.00394","0.50","95084","375","94897","2746114","28.88"
"6376","2007","48","0.00469","0.00468","0.50","94710","443","94488","2651217","27.99"
"6377","2007","49","0.00498","0.00497","0.50","94267","468","94033","2556729","27.12"
"6378","2007","50","0.00613","0.00611","0.50","93799","573","93512","2462696","26.26"
"6379","2007","51","0.00658","0.00656","0.50","93226","612","92920","2369184","25.41"
"6380","2007","52","0.00723","0.00720","0.50","92614","667","92281","2276264","24.58"
"6381","2007","53","0.00844","0.00840","0.50","91947","772","91561","2183984","23.75"
"6382","2007","54","0.00889","0.00885","0.50","91175","807","90771","2092423","22.95"
"6383","2007","55","0.00987","0.00983","0.50","90368","888","89924","2001652","22.15"
"6384","2007","56","0.01165","0.01158","0.50","89480","1037","88961","1911728","21.36"
"6385","2007","57","0.01258","0.01250","0.50","88443","1106","87890","1822766","20.61"
"6386","2007","58","0.01386","0.01376","0.50","87338","1202","86737","1734876","19.86"
"6387","2007","59","0.01464","0.01453","0.50","86136","1252","85510","1648139","19.13"
"6388","2007","60","0.01577","0.01565","0.50","84884","1328","84220","1562630","18.41"
"6389","2007","61","0.01812","0.01795","0.50","83556","1500","82806","1478410","17.69"
"6390","2007","62","0.01987","0.01967","0.50","82056","1614","81248","1395604","17.01"
"6391","2007","63","0.02113","0.02091","0.50","80441","1682","79601","1314356","16.34"
"6392","2007","64","0.02209","0.02185","0.50","78760","1721","77899","1234755","15.68"
"6393","2007","65","0.02423","0.02394","0.50","77039","1844","76117","1156856","15.02"
"6394","2007","66","0.02448","0.02419","0.50","75195","1819","74285","1080739","14.37"
"6395","2007","67","0.02782","0.02744","0.50","73376","2014","72369","1006454","13.72"
"6396","2007","68","0.02880","0.02839","0.50","71362","2026","70349","934085","13.09"
"6397","2007","69","0.03193","0.03142","0.50","69336","2179","68247","863736","12.46"
"6398","2007","70","0.03430","0.03372","0.50","67157","2265","66025","795489","11.85"
"6399","2007","71","0.04013","0.03934","0.50","64893","2553","63616","729464","11.24"
"6400","2007","72","0.04212","0.04125","0.50","62340","2572","61054","665848","10.68"
"6401","2007","73","0.04732","0.04623","0.50","59768","2763","58386","604795","10.12"
"6402","2007","74","0.05129","0.05001","0.50","57005","2851","55580","546408","9.59"
"6403","2007","75","0.05052","0.04928","0.50","54154","2669","52820","490829","9.06"
"6404","2007","76","0.06140","0.05957","0.50","51486","3067","49952","438009","8.51"
"6405","2007","77","0.06883","0.06654","0.50","48419","3222","46808","388056","8.01"
"6406","2007","78","0.07374","0.07112","0.50","45197","3214","43590","341248","7.55"
"6407","2007","79","0.07841","0.07545","0.50","41983","3168","40399","297659","7.09"
"6408","2007","80","0.08426","0.08085","0.50","38815","3138","37246","257260","6.63"
"6409","2007","81","0.09578","0.09140","0.50","35677","3261","34046","220014","6.17"
"6410","2007","82","0.11221","0.10625","0.50","32416","3444","30694","185967","5.74"
"6411","2007","83","0.12683","0.11927","0.50","28972","3455","27244","155274","5.36"
"6412","2007","84","0.13387","0.12547","0.50","25516","3202","23915","128030","5.02"
"6413","2007","85","0.15372","0.14275","0.50","22315","3185","20722","104114","4.67"
"6414","2007","86","0.16071","0.14876","0.50","19129","2846","17706","83392","4.36"
"6415","2007","87","0.18881","0.17252","0.50","16284","2809","14879","65686","4.03"
"6416","2007","88","0.20861","0.18891","0.50","13474","2545","12202","50807","3.77"
"6417","2007","89","0.20233","0.18374","0.50","10929","2008","9925","38606","3.53"
"6418","2007","90","0.24669","0.21961","0.50","8921","1959","7941","28681","3.22"
"6419","2007","91","0.28980","0.25312","0.50","6962","1762","6081","20740","2.98"
"6420","2007","92","0.31245","0.27023","0.50","5200","1405","4497","14659","2.82"
"6421","2007","93","0.33250","0.28510","0.50","3794","1082","3254","10162","2.68"
"6422","2007","94","0.32634","0.28056","0.50","2713","761","2332","6908","2.55"
"6423","2007","95","0.37844","0.31823","0.50","1952","621","1641","4576","2.34"
"6424","2007","96","0.40787","0.33878","0.50","1331","451","1105","2935","2.21"
"6425","2007","97","0.43798","0.35929","0.50","880","316","722","1830","2.08"
"6426","2007","98","0.46855","0.37961","0.50","564","214","457","1108","1.97"
"6427","2007","99","0.49935","0.39959","0.50","350","140","280","652","1.86"
"6428","2007","100","0.53017","0.41908","0.50","210","88","166","372","1.77"
"6429","2007","101","0.56075","0.43796","0.50","122","53","95","206","1.69"
"6430","2007","102","0.59088","0.45612","0.50","69","31","53","111","1.61"
"6431","2007","103","0.62034","0.47348","0.50","37","18","28","58","1.55"
"6432","2007","104","0.64894","0.48996","0.50","20","10","15","29","1.49"
"6433","2007","105","0.67651","0.50552","0.50","10","5","7","14","1.43"
"6434","2007","106","0.70291","0.52011","0.50","5","3","4","7","1.38"
"6435","2007","107","0.72802","0.53373","0.50","2","1","2","3","1.34"
"6436","2007","108","0.75175","0.54638","0.50","1","1","1","1","1.31"
"6437","2007","109","0.77406","0.55807","0.50","1","0","0","1","1.28"
"6438","2007","110+","0.79491","1.00000","1.26","0","0","0","0","1.26"
"6439","2008","0","0.00331","0.00330","0.14","100000","330","99717","7396943","73.97"
"6440","2008","1","0.00025","0.00025","0.50","99670","25","99658","7297226","73.21"
"6441","2008","2","0.00011","0.00011","0.50","99646","11","99640","7197568","72.23"
"6442","2008","3","0.00025","0.00025","0.50","99634","25","99622","7097928","71.24"
"6443","2008","4","0.00012","0.00012","0.50","99609","12","99603","6998306","70.26"
"6444","2008","5","0.00013","0.00013","0.50","99597","12","99591","6898703","69.27"
"6445","2008","6","0.00013","0.00013","0.50","99585","13","99578","6799112","68.27"
"6446","2008","7","0.00002","0.00002","0.50","99572","2","99571","6699534","67.28"
"6447","2008","8","0.00002","0.00002","0.50","99570","2","99569","6599963","66.28"
"6448","2008","9","0.00026","0.00026","0.50","99568","26","99555","6500394","65.29"
"6449","2008","10","0.00020","0.00020","0.50","99542","19","99532","6400840","64.30"
"6450","2008","11","0.00019","0.00019","0.50","99522","19","99513","6301308","63.32"
"6451","2008","12","0.00021","0.00021","0.50","99503","21","99493","6201795","62.33"
"6452","2008","13","0.00010","0.00010","0.50","99482","10","99477","6102303","61.34"
"6453","2008","14","0.00022","0.00022","0.50","99473","22","99462","6002825","60.35"
"6454","2008","15","0.00030","0.00030","0.50","99451","30","99436","5903364","59.36"
"6455","2008","16","0.00036","0.00036","0.50","99420","36","99403","5803928","58.38"
"6456","2008","17","0.00043","0.00043","0.50","99385","42","99364","5704525","57.40"
"6457","2008","18","0.00089","0.00089","0.50","99342","88","99298","5605162","56.42"
"6458","2008","19","0.00082","0.00082","0.50","99254","82","99213","5505864","55.47"
"6459","2008","20","0.00096","0.00096","0.50","99172","95","99125","5406651","54.52"
"6460","2008","21","0.00074","0.00074","0.50","99077","73","99041","5307526","53.57"
"6461","2008","22","0.00084","0.00084","0.50","99004","83","98962","5208485","52.61"
"6462","2008","23","0.00079","0.00079","0.50","98921","78","98882","5109523","51.65"
"6463","2008","24","0.00089","0.00089","0.50","98843","88","98799","5010641","50.69"
"6464","2008","25","0.00095","0.00095","0.50","98755","94","98708","4911842","49.74"
"6465","2008","26","0.00089","0.00089","0.50","98661","88","98618","4813134","48.78"
"6466","2008","27","0.00101","0.00101","0.50","98574","99","98524","4714516","47.83"
"6467","2008","28","0.00084","0.00084","0.50","98475","82","98433","4615992","46.87"
"6468","2008","29","0.00097","0.00097","0.50","98392","96","98344","4517558","45.91"
"6469","2008","30","0.00089","0.00089","0.50","98297","87","98253","4419214","44.96"
"6470","2008","31","0.00090","0.00090","0.50","98209","89","98165","4320961","44.00"
"6471","2008","32","0.00089","0.00089","0.50","98121","87","98077","4222796","43.04"
"6472","2008","33","0.00131","0.00131","0.50","98033","129","97969","4124719","42.07"
"6473","2008","34","0.00112","0.00112","0.50","97904","110","97850","4026750","41.13"
"6474","2008","35","0.00093","0.00092","0.50","97795","90","97749","3928901","40.18"
"6475","2008","36","0.00144","0.00144","0.50","97704","140","97634","3831152","39.21"
"6476","2008","37","0.00147","0.00147","0.50","97564","143","97492","3733517","38.27"
"6477","2008","38","0.00148","0.00148","0.50","97421","145","97348","3636025","37.32"
"6478","2008","39","0.00191","0.00191","0.50","97276","186","97183","3538677","36.38"
"6479","2008","40","0.00208","0.00208","0.50","97090","202","96989","3441493","35.45"
"6480","2008","41","0.00216","0.00216","0.50","96889","209","96784","3344504","34.52"
"6481","2008","42","0.00256","0.00255","0.50","96679","247","96556","3247720","33.59"
"6482","2008","43","0.00268","0.00268","0.50","96432","258","96303","3151164","32.68"
"6483","2008","44","0.00287","0.00286","0.50","96174","275","96036","3054861","31.76"
"6484","2008","45","0.00287","0.00286","0.50","95898","275","95761","2958825","30.85"
"6485","2008","46","0.00377","0.00376","0.50","95624","359","95444","2863064","29.94"
"6486","2008","47","0.00381","0.00380","0.50","95265","362","95084","2767620","29.05"
"6487","2008","48","0.00486","0.00484","0.50","94903","460","94673","2672536","28.16"
"6488","2008","49","0.00575","0.00573","0.50","94443","542","94172","2577864","27.30"
"6489","2008","50","0.00614","0.00612","0.50","93901","575","93614","2483691","26.45"
"6490","2008","51","0.00641","0.00639","0.50","93326","597","93028","2390078","25.61"
"6491","2008","52","0.00730","0.00727","0.50","92730","674","92393","2297049","24.77"
"6492","2008","53","0.00782","0.00779","0.50","92056","717","91697","2204657","23.95"
"6493","2008","54","0.00872","0.00868","0.50","91339","793","90942","2112959","23.13"
"6494","2008","55","0.01054","0.01048","0.50","90546","949","90071","2022017","22.33"
"6495","2008","56","0.01087","0.01081","0.50","89596","969","89112","1931946","21.56"
"6496","2008","57","0.01182","0.01175","0.50","88628","1041","88107","1842834","20.79"
"6497","2008","58","0.01364","0.01355","0.50","87587","1187","86993","1754727","20.03"
"6498","2008","59","0.01445","0.01435","0.50","86400","1239","85780","1667734","19.30"
"6499","2008","60","0.01512","0.01501","0.50","85160","1278","84521","1581953","18.58"
"6500","2008","61","0.01783","0.01767","0.50","83882","1482","83141","1497432","17.85"
"6501","2008","62","0.01857","0.01840","0.50","82400","1516","81642","1414291","17.16"
"6502","2008","63","0.02042","0.02022","0.50","80884","1635","80067","1332648","16.48"
"6503","2008","64","0.02397","0.02369","0.50","79249","1877","78311","1252582","15.81"
"6504","2008","65","0.02258","0.02233","0.50","77372","1728","76508","1174271","15.18"
"6505","2008","66","0.02615","0.02581","0.50","75644","1952","74668","1097763","14.51"
"6506","2008","67","0.02780","0.02742","0.50","73692","2020","72682","1023095","13.88"
"6507","2008","68","0.02898","0.02857","0.50","71672","2048","70648","950412","13.26"
"6508","2008","69","0.03020","0.02975","0.50","69624","2072","68588","879764","12.64"
"6509","2008","70","0.03434","0.03376","0.50","67553","2280","66412","811176","12.01"
"6510","2008","71","0.03903","0.03829","0.50","65272","2499","64023","744763","11.41"
"6511","2008","72","0.04075","0.03993","0.50","62773","2507","61520","680741","10.84"
"6512","2008","73","0.04240","0.04152","0.50","60267","2502","59015","619221","10.27"
"6513","2008","74","0.04852","0.04737","0.50","57764","2736","56396","560205","9.70"
"6514","2008","75","0.05283","0.05147","0.50","55028","2832","53612","503809","9.16"
"6515","2008","76","0.05791","0.05628","0.50","52196","2937","50727","450197","8.63"
"6516","2008","77","0.06426","0.06226","0.50","49258","3067","47725","399470","8.11"
"6517","2008","78","0.07069","0.06828","0.50","46192","3154","44615","351745","7.61"
"6518","2008","79","0.07968","0.07662","0.50","43038","3298","41389","307130","7.14"
"6519","2008","80","0.08406","0.08067","0.50","39740","3206","38137","265742","6.69"
"6520","2008","81","0.09209","0.08804","0.50","36534","3216","34926","227605","6.23"
"6521","2008","82","0.11271","0.10670","0.50","33318","3555","31540","192679","5.78"
"6522","2008","83","0.12342","0.11624","0.50","29763","3460","28033","161138","5.41"
"6523","2008","84","0.13552","0.12692","0.50","26303","3339","24634","133105","5.06"
"6524","2008","85","0.14460","0.13485","0.50","22965","3097","21416","108471","4.72"
"6525","2008","86","0.16933","0.15611","0.50","19868","3102","18317","87055","4.38"
"6526","2008","87","0.19003","0.17354","0.50","16766","2910","15311","68738","4.10"
"6527","2008","88","0.18692","0.17094","0.50","13857","2369","12672","53427","3.86"
"6528","2008","89","0.20308","0.18436","0.50","11488","2118","10429","40755","3.55"
"6529","2008","90","0.23754","0.21233","0.50","9370","1989","8375","30326","3.24"
"6530","2008","91","0.27613","0.24263","0.50","7380","1791","6485","21950","2.97"
"6531","2008","92","0.31575","0.27270","0.50","5590","1524","4828","15465","2.77"
"6532","2008","93","0.34751","0.29607","0.50","4065","1204","3464","10638","2.62"
"6533","2008","94","0.34262","0.29251","0.50","2862","837","2443","7174","2.51"
"6534","2008","95","0.37950","0.31898","0.50","2025","646","1702","4731","2.34"
"6535","2008","96","0.40939","0.33983","0.50","1379","469","1145","3029","2.20"
"6536","2008","97","0.43996","0.36063","0.50","910","328","746","1884","2.07"
"6537","2008","98","0.47100","0.38122","0.50","582","222","471","1138","1.96"
"6538","2008","99","0.50226","0.40145","0.50","360","145","288","667","1.85"
"6539","2008","100","0.53350","0.42116","0.50","216","91","170","379","1.76"
"6540","2008","101","0.56449","0.44023","0.50","125","55","97","209","1.68"
"6541","2008","102","0.59497","0.45856","0.50","70","32","54","112","1.60"
"6542","2008","103","0.62475","0.47604","0.50","38","18","29","58","1.53"
"6543","2008","104","0.65360","0.49262","0.50","20","10","15","29","1.48"
"6544","2008","105","0.68137","0.50823","0.50","10","5","7","14","1.42"
"6545","2008","106","0.70791","0.52285","0.50","5","3","4","7","1.37"
"6546","2008","107","0.73311","0.53646","0.50","2","1","2","3","1.33"
"6547","2008","108","0.75687","0.54908","0.50","1","1","1","1","1.30"
"6548","2008","109","0.77916","0.56072","0.50","0","0","0","1","1.27"
"6549","2008","110+","0.79995","1.00000","1.25","0","0","0","0","1.25"
"6550","2009","0","0.00303","0.00302","0.14","100000","302","99741","7416408","74.16"
"6551","2009","1","0.00025","0.00025","0.50","99698","24","99685","7316667","73.39"
"6552","2009","2","0.00028","0.00028","0.50","99673","28","99659","7216981","72.41"
"6553","2009","3","0.00009","0.00009","0.50","99645","9","99641","7117322","71.43"
"6554","2009","4","0.00010","0.00010","0.50","99636","10","99631","7017681","70.43"
"6555","2009","5","0.00008","0.00008","0.50","99627","8","99622","6918050","69.44"
"6556","2009","6","0.00019","0.00019","0.50","99618","19","99609","6818427","68.45"
"6557","2009","7","0.00004","0.00004","0.50","99600","4","99598","6718818","67.46"
"6558","2009","8","0.00013","0.00013","0.50","99596","13","99589","6619221","66.46"
"6559","2009","9","0.00011","0.00011","0.50","99583","11","99577","6519631","65.47"
"6560","2009","10","0.00013","0.00013","0.50","99572","13","99565","6420054","64.48"
"6561","2009","11","0.00020","0.00020","0.50","99559","19","99549","6320489","63.48"
"6562","2009","12","0.00017","0.00017","0.50","99540","17","99531","6220939","62.50"
"6563","2009","13","0.00013","0.00013","0.50","99522","12","99516","6121408","61.51"
"6564","2009","14","0.00037","0.00037","0.50","99510","37","99492","6021892","60.52"
"6565","2009","15","0.00029","0.00029","0.50","99473","29","99459","5922401","59.54"
"6566","2009","16","0.00037","0.00037","0.50","99445","36","99426","5822942","58.55"
"6567","2009","17","0.00036","0.00036","0.50","99408","36","99390","5723515","57.58"
"6568","2009","18","0.00062","0.00062","0.50","99373","61","99342","5624125","56.60"
"6569","2009","19","0.00065","0.00065","0.50","99311","64","99279","5524783","55.63"
"6570","2009","20","0.00054","0.00054","0.50","99247","54","99220","5425504","54.67"
"6571","2009","21","0.00085","0.00085","0.50","99193","84","99151","5326284","53.70"
"6572","2009","22","0.00088","0.00088","0.50","99109","87","99065","5227133","52.74"
"6573","2009","23","0.00092","0.00092","0.50","99022","91","98976","5128067","51.79"
"6574","2009","24","0.00078","0.00078","0.50","98931","77","98892","5029091","50.83"
"6575","2009","25","0.00056","0.00056","0.50","98854","55","98826","4930199","49.87"
"6576","2009","26","0.00074","0.00074","0.50","98799","73","98762","4831373","48.90"
"6577","2009","27","0.00098","0.00098","0.50","98725","96","98677","4732611","47.94"
"6578","2009","28","0.00087","0.00087","0.50","98629","86","98586","4633933","46.98"
"6579","2009","29","0.00093","0.00093","0.50","98543","91","98497","4535347","46.02"
"6580","2009","30","0.00092","0.00092","0.50","98452","91","98406","4436850","45.07"
"6581","2009","31","0.00082","0.00082","0.50","98361","81","98321","4338443","44.11"
"6582","2009","32","0.00106","0.00106","0.50","98280","104","98228","4240123","43.14"
"6583","2009","33","0.00119","0.00119","0.50","98176","117","98118","4141894","42.19"
"6584","2009","34","0.00115","0.00114","0.50","98060","112","98004","4043776","41.24"
"6585","2009","35","0.00101","0.00101","0.50","97948","98","97898","3945772","40.28"
"6586","2009","36","0.00128","0.00128","0.50","97849","125","97786","3847874","39.32"
"6587","2009","37","0.00153","0.00153","0.50","97724","149","97649","3750088","38.37"
"6588","2009","38","0.00181","0.00181","0.50","97574","176","97486","3652439","37.43"
"6589","2009","39","0.00169","0.00169","0.50","97398","165","97315","3554952","36.50"
"6590","2009","40","0.00186","0.00186","0.50","97233","181","97142","3457637","35.56"
"6591","2009","41","0.00214","0.00213","0.50","97052","207","96948","3360495","34.63"
"6592","2009","42","0.00227","0.00227","0.50","96845","220","96735","3263546","33.70"
"6593","2009","43","0.00258","0.00258","0.50","96625","249","96500","3166811","32.77"
"6594","2009","44","0.00304","0.00303","0.50","96376","292","96230","3070311","31.86"
"6595","2009","45","0.00289","0.00289","0.50","96083","277","95945","2974081","30.95"
"6596","2009","46","0.00347","0.00347","0.50","95806","332","95640","2878137","30.04"
"6597","2009","47","0.00405","0.00405","0.50","95474","386","95281","2782497","29.14"
"6598","2009","48","0.00431","0.00430","0.50","95088","409","94883","2687216","28.26"
"6599","2009","49","0.00550","0.00548","0.50","94679","519","94419","2592332","27.38"
"6600","2009","50","0.00536","0.00534","0.50","94160","503","93908","2497913","26.53"
"6601","2009","51","0.00616","0.00614","0.50","93657","575","93369","2404005","25.67"
"6602","2009","52","0.00690","0.00687","0.50","93081","640","92762","2310636","24.82"
"6603","2009","53","0.00827","0.00823","0.50","92442","761","92061","2217874","23.99"
"6604","2009","54","0.00886","0.00882","0.50","91681","808","91276","2125813","23.19"
"6605","2009","55","0.00982","0.00977","0.50","90872","888","90428","2034537","22.39"
"6606","2009","56","0.01031","0.01026","0.50","89984","923","89523","1944109","21.61"
"6607","2009","57","0.01140","0.01134","0.50","89061","1010","88556","1854586","20.82"
"6608","2009","58","0.01290","0.01282","0.50","88051","1129","87487","1766030","20.06"
"6609","2009","59","0.01450","0.01440","0.50","86923","1252","86297","1678543","19.31"
"6610","2009","60","0.01518","0.01507","0.50","85671","1291","85026","1592246","18.59"
"6611","2009","61","0.01701","0.01686","0.50","84380","1423","83669","1507220","17.86"
"6612","2009","62","0.01802","0.01786","0.50","82958","1482","82217","1423551","17.16"
"6613","2009","63","0.02090","0.02068","0.50","81476","1685","80633","1341335","16.46"
"6614","2009","64","0.02243","0.02218","0.50","79791","1770","78906","1260701","15.80"
"6615","2009","65","0.02463","0.02433","0.50","78021","1898","77072","1181795","15.15"
"6616","2009","66","0.02565","0.02532","0.50","76123","1928","75159","1104724","14.51"
"6617","2009","67","0.02703","0.02667","0.50","74195","1979","73206","1029565","13.88"
"6618","2009","68","0.02858","0.02818","0.50","72216","2035","71199","956359","13.24"
"6619","2009","69","0.03331","0.03276","0.50","70182","2299","69032","885160","12.61"
"6620","2009","70","0.03337","0.03282","0.50","67882","2228","66768","816128","12.02"
"6621","2009","71","0.03840","0.03768","0.50","65654","2474","64417","749359","11.41"
"6622","2009","72","0.04147","0.04063","0.50","63180","2567","61897","684942","10.84"
"6623","2009","73","0.04325","0.04234","0.50","60613","2566","59330","623046","10.28"
"6624","2009","74","0.04520","0.04420","0.50","58047","2566","56764","563715","9.71"
"6625","2009","75","0.05292","0.05156","0.50","55481","2860","54051","506951","9.14"
"6626","2009","76","0.05683","0.05526","0.50","52621","2908","51167","452900","8.61"
"6627","2009","77","0.06556","0.06348","0.50","49713","3156","48135","401733","8.08"
"6628","2009","78","0.06898","0.06668","0.50","46557","3104","45005","353598","7.59"
"6629","2009","79","0.07633","0.07352","0.50","43453","3195","41855","308593","7.10"
"6630","2009","80","0.08851","0.08476","0.50","40258","3412","38552","266737","6.63"
"6631","2009","81","0.09670","0.09224","0.50","36846","3399","35146","228185","6.19"
"6632","2009","82","0.10706","0.10162","0.50","33447","3399","31748","193039","5.77"
"6633","2009","83","0.11544","0.10914","0.50","30048","3279","28408","161291","5.37"
"6634","2009","84","0.13236","0.12415","0.50","26769","3323","25107","132883","4.96"
"6635","2009","85","0.15075","0.14018","0.50","23445","3287","21802","107776","4.60"
"6636","2009","86","0.17011","0.15677","0.50","20159","3160","18579","85974","4.26"
"6637","2009","87","0.19645","0.17888","0.50","16998","3041","15478","67395","3.96"
"6638","2009","88","0.21043","0.19040","0.50","13958","2657","12629","51917","3.72"
"6639","2009","89","0.22980","0.20611","0.50","11300","2329","10136","39288","3.48"
"6640","2009","90","0.24751","0.22025","0.50","8971","1976","7983","29152","3.25"
"6641","2009","91","0.26420","0.23337","0.50","6995","1632","6179","21169","3.03"
"6642","2009","92","0.31576","0.27271","0.50","5363","1462","4632","14990","2.80"
"6643","2009","93","0.31767","0.27413","0.50","3900","1069","3366","10358","2.66"
"6644","2009","94","0.33245","0.28507","0.50","2831","807","2428","6993","2.47"
"6645","2009","95","0.39490","0.32978","0.50","2024","667","1690","4565","2.26"
"6646","2009","96","0.42626","0.35137","0.50","1357","477","1118","2875","2.12"
"6647","2009","97","0.45823","0.37281","0.50","880","328","716","1757","2.00"
"6648","2009","98","0.49055","0.39393","0.50","552","217","443","1041","1.89"
"6649","2009","99","0.52294","0.41455","0.50","334","139","265","598","1.79"
"6650","2009","100","0.55514","0.43453","0.50","196","85","153","332","1.70"
"6651","2009","101","0.58689","0.45374","0.50","111","50","86","179","1.62"
"6652","2009","102","0.61793","0.47208","0.50","60","29","46","94","1.55"
"6653","2009","103","0.64804","0.48945","0.50","32","16","24","47","1.48"
"6654","2009","104","0.67701","0.50580","0.50","16","8","12","23","1.43"
"6655","2009","105","0.70469","0.52109","0.50","8","4","6","11","1.38"
"6656","2009","106","0.73093","0.53530","0.50","4","2","3","5","1.33"
"6657","2009","107","0.75566","0.54844","0.50","2","1","1","2","1.30"
"6658","2009","108","0.77880","0.56053","0.50","1","0","1","1","1.26"
"6659","2009","109","0.80032","0.57159","0.50","0","0","0","0","1.24"
"6660","2009","110+","0.82024","1.00000","1.22","0","0","0","0","1.22"
"6661","2010","0","0.00281","0.00281","0.14","100000","281","99760","7443561","74.44"
"6662","2010","1","0.00026","0.00026","0.50","99719","26","99706","7343801","73.64"
"6663","2010","2","0.00024","0.00024","0.50","99694","24","99681","7244095","72.66"
"6664","2010","3","0.00017","0.00017","0.50","99669","17","99661","7144413","71.68"
"6665","2010","4","0.00019","0.00019","0.50","99652","18","99643","7044753","70.69"
"6666","2010","5","0.00008","0.00008","0.50","99634","8","99630","6945110","69.71"
"6667","2010","6","0.00008","0.00008","0.50","99626","8","99622","6845480","68.71"
"6668","2010","7","0.00006","0.00006","0.50","99618","6","99615","6745858","67.72"
"6669","2010","8","0.00013","0.00013","0.50","99612","13","99605","6646244","66.72"
"6670","2010","9","0.00011","0.00011","0.50","99599","11","99594","6546638","65.73"
"6671","2010","10","0.00017","0.00017","0.50","99588","17","99580","6447045","64.74"
"6672","2010","11","0.00013","0.00013","0.50","99571","13","99565","6347465","63.75"
"6673","2010","12","0.00013","0.00013","0.50","99558","13","99552","6247900","62.76"
"6674","2010","13","0.00015","0.00015","0.50","99545","15","99538","6148348","61.76"
"6675","2010","14","0.00017","0.00017","0.50","99530","17","99522","6048810","60.77"
"6676","2010","15","0.00023","0.00023","0.50","99514","23","99502","5949288","59.78"
"6677","2010","16","0.00027","0.00027","0.50","99491","27","99477","5849786","58.80"
"6678","2010","17","0.00060","0.00060","0.50","99464","60","99434","5750309","57.81"
"6679","2010","18","0.00070","0.00070","0.50","99404","70","99369","5650875","56.85"
"6680","2010","19","0.00048","0.00048","0.50","99334","48","99310","5551507","55.89"
"6681","2010","20","0.00081","0.00081","0.50","99286","81","99246","5452197","54.91"
"6682","2010","21","0.00082","0.00082","0.50","99205","81","99165","5352951","53.96"
"6683","2010","22","0.00085","0.00085","0.50","99124","84","99082","5253786","53.00"
"6684","2010","23","0.00079","0.00079","0.50","99040","78","99001","5154704","52.05"
"6685","2010","24","0.00098","0.00098","0.50","98962","97","98914","5055702","51.09"
"6686","2010","25","0.00086","0.00086","0.50","98865","85","98823","4956789","50.14"
"6687","2010","26","0.00078","0.00078","0.50","98780","77","98742","4857966","49.18"
"6688","2010","27","0.00091","0.00091","0.50","98703","90","98658","4759224","48.22"
"6689","2010","28","0.00089","0.00089","0.50","98614","88","98570","4660565","47.26"
"6690","2010","29","0.00091","0.00091","0.50","98526","89","98481","4561996","46.30"
"6691","2010","30","0.00072","0.00072","0.50","98436","71","98401","4463515","45.34"
"6692","2010","31","0.00091","0.00091","0.50","98365","89","98321","4365114","44.38"
"6693","2010","32","0.00091","0.00091","0.50","98276","90","98231","4266793","43.42"
"6694","2010","33","0.00101","0.00101","0.50","98186","99","98137","4168562","42.46"
"6695","2010","34","0.00104","0.00104","0.50","98087","102","98036","4070425","41.50"
"6696","2010","35","0.00128","0.00128","0.50","97985","126","97922","3972389","40.54"
"6697","2010","36","0.00113","0.00112","0.50","97859","110","97804","3874467","39.59"
"6698","2010","37","0.00120","0.00120","0.50","97749","117","97691","3776663","38.64"
"6699","2010","38","0.00155","0.00155","0.50","97632","151","97557","3678972","37.68"
"6700","2010","39","0.00183","0.00183","0.50","97481","178","97392","3581415","36.74"
"6701","2010","40","0.00202","0.00202","0.50","97303","197","97205","3484023","35.81"
"6702","2010","41","0.00204","0.00204","0.50","97106","198","97007","3386819","34.88"
"6703","2010","42","0.00223","0.00223","0.50","96908","216","96800","3289811","33.95"
"6704","2010","43","0.00260","0.00259","0.50","96692","251","96567","3193011","33.02"
"6705","2010","44","0.00289","0.00288","0.50","96442","278","96302","3096444","32.11"
"6706","2010","45","0.00326","0.00325","0.50","96163","313","96007","3000142","31.20"
"6707","2010","46","0.00308","0.00308","0.50","95851","295","95703","2904135","30.30"
"6708","2010","47","0.00392","0.00391","0.50","95555","374","95368","2808432","29.39"
"6709","2010","48","0.00438","0.00437","0.50","95182","416","94974","2713063","28.50"
"6710","2010","49","0.00416","0.00415","0.50","94766","393","94570","2618089","27.63"
"6711","2010","50","0.00484","0.00483","0.50","94373","456","94145","2523520","26.74"
"6712","2010","51","0.00619","0.00617","0.50","93917","580","93627","2429375","25.87"
"6713","2010","52","0.00702","0.00699","0.50","93337","653","93011","2335748","25.02"
"6714","2010","53","0.00768","0.00765","0.50","92685","709","92330","2242736","24.20"
"6715","2010","54","0.00923","0.00919","0.50","91976","845","91553","2150406","23.38"
"6716","2010","55","0.00932","0.00927","0.50","91131","845","90708","2058853","22.59"
"6717","2010","56","0.01053","0.01047","0.50","90286","945","89813","1968144","21.80"
"6718","2010","57","0.01219","0.01212","0.50","89341","1082","88799","1878331","21.02"
"6719","2010","58","0.01187","0.01180","0.50","88258","1042","87737","1789532","20.28"
"6720","2010","59","0.01362","0.01353","0.50","87217","1180","86627","1701794","19.51"
"6721","2010","60","0.01449","0.01439","0.50","86037","1238","85418","1615167","18.77"
"6722","2010","61","0.01683","0.01669","0.50","84799","1415","84091","1529750","18.04"
"6723","2010","62","0.01940","0.01921","0.50","83384","1602","82583","1445658","17.34"
"6724","2010","63","0.01959","0.01940","0.50","81782","1586","80989","1363075","16.67"
"6725","2010","64","0.02280","0.02254","0.50","80196","1808","79292","1282087","15.99"
"6726","2010","65","0.02297","0.02270","0.50","78388","1780","77498","1202795","15.34"
"6727","2010","66","0.02564","0.02532","0.50","76608","1940","75638","1125297","14.69"
"6728","2010","67","0.02783","0.02744","0.50","74668","2049","73644","1049659","14.06"
"6729","2010","68","0.02692","0.02656","0.50","72619","1929","71655","976015","13.44"
"6730","2010","69","0.03095","0.03048","0.50","70690","2155","69613","904361","12.79"
"6731","2010","70","0.03470","0.03410","0.50","68536","2337","67367","834748","12.18"
"6732","2010","71","0.03285","0.03231","0.50","66198","2139","65129","767381","11.59"
"6733","2010","72","0.03915","0.03839","0.50","64059","2460","62829","702253","10.96"
"6734","2010","73","0.04155","0.04071","0.50","61599","2508","60346","639423","10.38"
"6735","2010","74","0.04834","0.04720","0.50","59092","2789","57697","579078","9.80"
"6736","2010","75","0.05047","0.04922","0.50","56303","2771","54917","521380","9.26"
"6737","2010","76","0.05742","0.05582","0.50","53531","2988","52037","466463","8.71"
"6738","2010","77","0.06203","0.06017","0.50","50543","3041","49023","414426","8.20"
"6739","2010","78","0.06930","0.06698","0.50","47502","3181","45911","365404","7.69"
"6740","2010","79","0.07574","0.07298","0.50","44321","3234","42703","319492","7.21"
"6741","2010","80","0.08520","0.08172","0.50","41086","3358","39407","276789","6.74"
"6742","2010","81","0.09465","0.09037","0.50","37728","3410","36024","237382","6.29"
"6743","2010","82","0.10637","0.10100","0.50","34319","3466","32586","201358","5.87"
"6744","2010","83","0.12027","0.11344","0.50","30853","3500","29103","168772","5.47"
"6745","2010","84","0.12934","0.12148","0.50","27353","3323","25691","139669","5.11"
"6746","2010","85","0.14273","0.13322","0.50","24030","3201","22429","113978","4.74"
"6747","2010","86","0.16355","0.15119","0.50","20828","3149","19254","91549","4.40"
"6748","2010","87","0.17756","0.16308","0.50","17679","2883","16238","72295","4.09"
"6749","2010","88","0.19580","0.17834","0.50","14796","2639","13477","56057","3.79"
"6750","2010","89","0.23940","0.21380","0.50","12157","2599","10858","42580","3.50"
"6751","2010","90","0.23895","0.21345","0.50","9558","2040","8538","31722","3.32"
"6752","2010","91","0.27284","0.24009","0.50","7518","1805","6615","23184","3.08"
"6753","2010","92","0.27552","0.24216","0.50","5713","1383","5021","16569","2.90"
"6754","2010","93","0.33104","0.28403","0.50","4330","1230","3715","11548","2.67"
"6755","2010","94","0.34106","0.29137","0.50","3100","903","2648","7833","2.53"
"6756","2010","95","0.37489","0.31571","0.50","2197","694","1850","5185","2.36"
"6757","2010","96","0.40457","0.33650","0.50","1503","506","1250","3335","2.22"
"6758","2010","97","0.43496","0.35726","0.50","997","356","819","2085","2.09"
"6759","2010","98","0.46585","0.37784","0.50","641","242","520","1265","1.97"
"6760","2010","99","0.49700","0.39808","0.50","399","159","319","746","1.87"
"6761","2010","100","0.52818","0.41783","0.50","240","100","190","426","1.78"
"6762","2010","101","0.55914","0.43697","0.50","140","61","109","236","1.69"
"6763","2010","102","0.58964","0.45539","0.50","79","36","61","127","1.61"
"6764","2010","103","0.61947","0.47298","0.50","43","20","33","66","1.55"
"6765","2010","104","0.64843","0.48967","0.50","23","11","17","34","1.49"
"6766","2010","105","0.67633","0.50542","0.50","12","6","9","16","1.43"
"6767","2010","106","0.70303","0.52018","0.50","6","3","4","8","1.38"
"6768","2010","107","0.72842","0.53395","0.50","3","1","2","4","1.34"
"6769","2010","108","0.75240","0.54672","0.50","1","1","1","2","1.30"
"6770","2010","109","0.77491","0.55851","0.50","1","0","0","1","1.28"
"6771","2010","110+","0.79594","1.00000","1.26","0","0","0","0","1.26"
"6772","2011","0","0.00297","0.00296","0.14","100000","296","99746","7472194","74.72"
"6773","2011","1","0.00024","0.00024","0.50","99704","24","99692","7372447","73.94"
"6774","2011","2","0.00021","0.00021","0.50","99680","21","99669","7272756","72.96"
"6775","2011","3","0.00018","0.00018","0.50","99659","18","99650","7173086","71.98"
"6776","2011","4","0.00019","0.00019","0.50","99641","19","99632","7073436","70.99"
"6777","2011","5","0.00011","0.00011","0.50","99622","11","99617","6973804","70.00"
"6778","2011","6","0.00004","0.00004","0.50","99611","4","99609","6874188","69.01"
"6779","2011","7","0.00008","0.00008","0.50","99607","8","99603","6774578","68.01"
"6780","2011","8","0.00010","0.00010","0.50","99599","10","99594","6674975","67.02"
"6781","2011","9","0.00013","0.00013","0.50","99589","13","99583","6575381","66.03"
"6782","2011","10","0.00011","0.00011","0.50","99576","11","99571","6475798","65.03"
"6783","2011","11","0.00006","0.00006","0.50","99566","6","99563","6376227","64.04"
"6784","2011","12","0.00013","0.00013","0.50","99559","13","99553","6276664","63.04"
"6785","2011","13","0.00009","0.00009","0.50","99546","9","99542","6177111","62.05"
"6786","2011","14","0.00015","0.00015","0.50","99538","15","99530","6077569","61.06"
"6787","2011","15","0.00015","0.00015","0.50","99523","14","99516","5978039","60.07"
"6788","2011","16","0.00025","0.00025","0.50","99508","25","99496","5878523","59.08"
"6789","2011","17","0.00049","0.00049","0.50","99483","49","99459","5779027","58.09"
"6790","2011","18","0.00073","0.00073","0.50","99435","73","99398","5679568","57.12"
"6791","2011","19","0.00076","0.00076","0.50","99362","76","99324","5580170","56.16"
"6792","2011","20","0.00086","0.00086","0.50","99287","86","99244","5480845","55.20"
"6793","2011","21","0.00090","0.00090","0.50","99201","89","99156","5381602","54.25"
"6794","2011","22","0.00071","0.00071","0.50","99112","70","99077","5282445","53.30"
"6795","2011","23","0.00086","0.00086","0.50","99041","85","98999","5183369","52.34"
"6796","2011","24","0.00083","0.00083","0.50","98957","82","98916","5084370","51.38"
"6797","2011","25","0.00062","0.00062","0.50","98875","61","98844","4985454","50.42"
"6798","2011","26","0.00084","0.00084","0.50","98814","83","98772","4886610","49.45"
"6799","2011","27","0.00090","0.00090","0.50","98731","89","98686","4787837","48.49"
"6800","2011","28","0.00066","0.00066","0.50","98642","66","98609","4689151","47.54"
"6801","2011","29","0.00087","0.00087","0.50","98577","86","98534","4590541","46.57"
"6802","2011","30","0.00103","0.00103","0.50","98490","101","98440","4492008","45.61"
"6803","2011","31","0.00098","0.00098","0.50","98389","96","98341","4393568","44.66"
"6804","2011","32","0.00095","0.00095","0.50","98293","93","98246","4295227","43.70"
"6805","2011","33","0.00090","0.00090","0.50","98200","88","98156","4196980","42.74"
"6806","2011","34","0.00092","0.00092","0.50","98111","91","98066","4098825","41.78"
"6807","2011","35","0.00112","0.00112","0.50","98021","110","97966","4000759","40.82"
"6808","2011","36","0.00126","0.00126","0.50","97911","123","97850","3902793","39.86"
"6809","2011","37","0.00137","0.00137","0.50","97788","134","97721","3804943","38.91"
"6810","2011","38","0.00140","0.00140","0.50","97654","137","97586","3707222","37.96"
"6811","2011","39","0.00155","0.00155","0.50","97518","151","97442","3609636","37.02"
"6812","2011","40","0.00160","0.00160","0.50","97367","155","97289","3512194","36.07"
"6813","2011","41","0.00198","0.00198","0.50","97211","192","97115","3414905","35.13"
"6814","2011","42","0.00250","0.00249","0.50","97019","242","96898","3317790","34.20"
"6815","2011","43","0.00230","0.00230","0.50","96777","223","96666","3220891","33.28"
"6816","2011","44","0.00247","0.00247","0.50","96555","238","96436","3124225","32.36"
"6817","2011","45","0.00272","0.00272","0.50","96317","262","96186","3027789","31.44"
"6818","2011","46","0.00332","0.00332","0.50","96055","319","95895","2931604","30.52"
"6819","2011","47","0.00364","0.00363","0.50","95736","348","95562","2835708","29.62"
"6820","2011","48","0.00365","0.00364","0.50","95389","347","95215","2740146","28.73"
"6821","2011","49","0.00496","0.00495","0.50","95041","471","94806","2644931","27.83"
"6822","2011","50","0.00494","0.00492","0.50","94570","466","94338","2550126","26.97"
"6823","2011","51","0.00593","0.00591","0.50","94105","556","93827","2455788","26.10"
"6824","2011","52","0.00701","0.00698","0.50","93549","653","93222","2361961","25.25"
"6825","2011","53","0.00766","0.00763","0.50","92895","709","92541","2268740","24.42"
"6826","2011","54","0.00842","0.00839","0.50","92186","773","91800","2176199","23.61"
"6827","2011","55","0.00846","0.00843","0.50","91413","771","91028","2084399","22.80"
"6828","2011","56","0.01029","0.01024","0.50","90643","928","90178","1993371","21.99"
"6829","2011","57","0.01096","0.01090","0.50","89714","978","89225","1903193","21.21"
"6830","2011","58","0.01262","0.01254","0.50","88736","1113","88180","1813967","20.44"
"6831","2011","59","0.01386","0.01376","0.50","87624","1206","87021","1725787","19.70"
"6832","2011","60","0.01488","0.01477","0.50","86418","1277","85779","1638767","18.96"
"6833","2011","61","0.01627","0.01613","0.50","85141","1374","84454","1552988","18.24"
"6834","2011","62","0.01747","0.01732","0.50","83767","1451","83042","1468533","17.53"
"6835","2011","63","0.01983","0.01963","0.50","82317","1616","81509","1385491","16.83"
"6836","2011","64","0.02088","0.02067","0.50","80701","1668","79867","1303983","16.16"
"6837","2011","65","0.02364","0.02336","0.50","79033","1846","78110","1224116","15.49"
"6838","2011","66","0.02423","0.02394","0.50","77186","1848","76263","1146007","14.85"
"6839","2011","67","0.02696","0.02661","0.50","75339","2004","74336","1069744","14.20"
"6840","2011","68","0.02871","0.02830","0.50","73334","2076","72296","995408","13.57"
"6841","2011","69","0.03047","0.03001","0.50","71259","2139","70189","923111","12.95"
"6842","2011","70","0.03169","0.03120","0.50","69120","2156","68042","852922","12.34"
"6843","2011","71","0.03638","0.03573","0.50","66964","2392","65768","784880","11.72"
"6844","2011","72","0.03968","0.03891","0.50","64572","2512","63315","719112","11.14"
"6845","2011","73","0.04139","0.04055","0.50","62059","2517","60801","655796","10.57"
"6846","2011","74","0.04313","0.04222","0.50","59543","2514","58286","594996","9.99"
"6847","2011","75","0.05156","0.05027","0.50","57029","2867","55596","536710","9.41"
"6848","2011","76","0.05401","0.05259","0.50","54162","2848","52738","481114","8.88"
"6849","2011","77","0.06160","0.05976","0.50","51314","3066","49781","428376","8.35"
"6850","2011","78","0.06496","0.06292","0.50","48247","3036","46730","378595","7.85"
"6851","2011","79","0.07619","0.07340","0.50","45212","3318","43552","331866","7.34"
"6852","2011","80","0.08217","0.07892","0.50","41893","3306","40240","288313","6.88"
"6853","2011","81","0.09394","0.08973","0.50","38587","3462","36856","248073","6.43"
"6854","2011","82","0.10151","0.09661","0.50","35125","3393","33428","211217","6.01"
"6855","2011","83","0.11059","0.10480","0.50","31731","3325","30069","177789","5.60"
"6856","2011","84","0.12706","0.11947","0.50","28406","3394","26709","147721","5.20"
"6857","2011","85","0.14666","0.13664","0.50","25012","3418","23304","121011","4.84"
"6858","2011","86","0.15924","0.14750","0.50","21595","3185","20002","97708","4.52"
"6859","2011","87","0.16857","0.15547","0.50","18409","2862","16978","77706","4.22"
"6860","2011","88","0.19317","0.17616","0.50","15547","2739","14178","60727","3.91"
"6861","2011","89","0.21180","0.19152","0.50","12809","2453","11582","46549","3.63"
"6862","2011","90","0.23985","0.21416","0.50","10356","2218","9247","34967","3.38"
"6863","2011","91","0.27401","0.24099","0.50","8138","1961","7157","25721","3.16"
"6864","2011","92","0.30422","0.26405","0.50","6177","1631","5361","18563","3.01"
"6865","2011","93","0.27284","0.24009","0.50","4546","1091","4000","13202","2.90"
"6866","2011","94","0.29531","0.25732","0.50","3454","889","3010","9202","2.66"
"6867","2011","95","0.36483","0.30854","0.50","2565","792","2170","6192","2.41"
"6868","2011","96","0.39407","0.32920","0.50","1774","584","1482","4023","2.27"
"6869","2011","97","0.42409","0.34990","0.50","1190","416","982","2541","2.14"
"6870","2011","98","0.45468","0.37046","0.50","774","287","630","1559","2.02"
"6871","2011","99","0.48562","0.39075","0.50","487","190","392","929","1.91"
"6872","2011","100","0.51667","0.41060","0.50","297","122","236","537","1.81"
"6873","2011","101","0.54759","0.42989","0.50","175","75","137","301","1.72"
"6874","2011","102","0.57815","0.44850","0.50","100","45","77","164","1.64"
"6875","2011","103","0.60812","0.46633","0.50","55","26","42","86","1.57"
"6876","2011","104","0.63730","0.48330","0.50","29","14","22","44","1.51"
"6877","2011","105","0.66550","0.49935","0.50","15","8","11","22","1.45"
"6878","2011","106","0.69257","0.51443","0.50","8","4","6","11","1.40"
"6879","2011","107","0.71837","0.52853","0.50","4","2","3","5","1.36"
"6880","2011","108","0.74281","0.54164","0.50","2","1","1","2","1.32"
"6881","2011","109","0.76582","0.55378","0.50","1","0","1","1","1.29"
"6882","2011","110+","0.78736","1.00000","1.27","0","0","0","0","1.27"
"6883","2012","0","0.00291","0.00290","0.14","100000","290","99751","7496891","74.97"
"6884","2012","1","0.00036","0.00036","0.50","99710","36","99692","7397140","74.19"
"6885","2012","2","0.00018","0.00018","0.50","99674","18","99665","7297448","73.21"
"6886","2012","3","0.00010","0.00010","0.50","99656","10","99652","7197782","72.23"
"6887","2012","4","0.00014","0.00014","0.50","99647","14","99640","7098131","71.23"
"6888","2012","5","0.00007","0.00007","0.50","99632","7","99629","6998491","70.24"
"6889","2012","6","0.00009","0.00009","0.50","99626","9","99621","6898862","69.25"
"6890","2012","7","0.00004","0.00004","0.50","99616","4","99614","6799241","68.25"
"6891","2012","8","0.00010","0.00010","0.50","99612","10","99607","6699627","67.26"
"6892","2012","9","0.00004","0.00004","0.50","99602","4","99600","6600019","66.26"
"6893","2012","10","0.00025","0.00025","0.50","99598","25","99586","6500419","65.27"
"6894","2012","11","0.00019","0.00019","0.50","99573","19","99564","6400833","64.28"
"6895","2012","12","0.00013","0.00013","0.50","99554","13","99548","6301270","63.29"
"6896","2012","13","0.00009","0.00009","0.50","99541","9","99537","6201722","62.30"
"6897","2012","14","0.00017","0.00017","0.50","99533","17","99524","6102185","61.31"
"6898","2012","15","0.00028","0.00028","0.50","99515","28","99501","6002661","60.32"
"6899","2012","16","0.00039","0.00039","0.50","99488","39","99468","5903160","59.34"
"6900","2012","17","0.00033","0.00033","0.50","99448","33","99432","5803692","58.36"
"6901","2012","18","0.00057","0.00057","0.50","99416","57","99387","5704260","57.38"
"6902","2012","19","0.00076","0.00076","0.50","99359","75","99321","5604872","56.41"
"6903","2012","20","0.00081","0.00081","0.50","99284","80","99244","5505551","55.45"
"6904","2012","21","0.00045","0.00045","0.50","99204","45","99181","5406307","54.50"
"6905","2012","22","0.00069","0.00069","0.50","99159","68","99125","5307126","53.52"
"6906","2012","23","0.00081","0.00081","0.50","99091","80","99051","5208001","52.56"
"6907","2012","24","0.00058","0.00058","0.50","99011","58","98982","5108950","51.60"
"6908","2012","25","0.00075","0.00075","0.50","98953","75","98916","5009968","50.63"
"6909","2012","26","0.00069","0.00069","0.50","98878","68","98845","4911053","49.67"
"6910","2012","27","0.00066","0.00066","0.50","98811","65","98778","4812208","48.70"
"6911","2012","28","0.00098","0.00097","0.50","98745","96","98697","4713430","47.73"
"6912","2012","29","0.00074","0.00074","0.50","98649","73","98613","4614733","46.78"
"6913","2012","30","0.00087","0.00087","0.50","98576","86","98533","4516120","45.81"
"6914","2012","31","0.00090","0.00090","0.50","98490","89","98446","4417587","44.85"
"6915","2012","32","0.00109","0.00109","0.50","98401","107","98348","4319142","43.89"
"6916","2012","33","0.00104","0.00104","0.50","98294","102","98243","4220794","42.94"
"6917","2012","34","0.00106","0.00106","0.50","98192","104","98140","4122551","41.98"
"6918","2012","35","0.00105","0.00105","0.50","98088","103","98037","4024411","41.03"
"6919","2012","36","0.00110","0.00110","0.50","97985","108","97931","3926374","40.07"
"6920","2012","37","0.00137","0.00137","0.50","97878","134","97810","3828443","39.11"
"6921","2012","38","0.00157","0.00157","0.50","97743","154","97667","3730632","38.17"
"6922","2012","39","0.00170","0.00170","0.50","97590","166","97507","3632966","37.23"
"6923","2012","40","0.00166","0.00166","0.50","97424","162","97343","3535459","36.29"
"6924","2012","41","0.00170","0.00170","0.50","97262","165","97180","3438116","35.35"
"6925","2012","42","0.00246","0.00246","0.50","97097","239","96977","3340937","34.41"
"6926","2012","43","0.00247","0.00247","0.50","96858","239","96738","3243959","33.49"
"6927","2012","44","0.00258","0.00258","0.50","96619","249","96494","3147221","32.57"
"6928","2012","45","0.00293","0.00293","0.50","96370","282","96229","3050727","31.66"
"6929","2012","46","0.00302","0.00302","0.50","96088","290","95943","2954498","30.75"
"6930","2012","47","0.00353","0.00353","0.50","95798","338","95629","2858555","29.84"
"6931","2012","48","0.00360","0.00359","0.50","95460","343","95289","2762926","28.94"
"6932","2012","49","0.00432","0.00431","0.50","95117","410","94913","2667637","28.05"
"6933","2012","50","0.00509","0.00508","0.50","94708","481","94467","2572725","27.16"
"6934","2012","51","0.00558","0.00556","0.50","94227","524","93964","2478257","26.30"
"6935","2012","52","0.00578","0.00577","0.50","93702","540","93432","2384293","25.45"
"6936","2012","53","0.00631","0.00629","0.50","93162","586","92869","2290861","24.59"
"6937","2012","54","0.00833","0.00830","0.50","92576","768","92192","2197992","23.74"
"6938","2012","55","0.00894","0.00890","0.50","91808","817","91399","2105800","22.94"
"6939","2012","56","0.00971","0.00967","0.50","90991","880","90551","2014400","22.14"
"6940","2012","57","0.01063","0.01058","0.50","90111","953","89634","1923850","21.35"
"6941","2012","58","0.01161","0.01154","0.50","89158","1029","88643","1834215","20.57"
"6942","2012","59","0.01288","0.01279","0.50","88129","1128","87565","1745572","19.81"
"6943","2012","60","0.01404","0.01394","0.50","87001","1213","86395","1658007","19.06"
"6944","2012","61","0.01676","0.01662","0.50","85788","1426","85076","1571612","18.32"
"6945","2012","62","0.01712","0.01697","0.50","84363","1432","83647","1486537","17.62"
"6946","2012","63","0.01961","0.01942","0.50","82931","1611","82126","1402890","16.92"
"6947","2012","64","0.01970","0.01951","0.50","81320","1586","80527","1320764","16.24"
"6948","2012","65","0.02199","0.02175","0.50","79734","1734","78867","1240237","15.55"
"6949","2012","66","0.02479","0.02449","0.50","78000","1910","77045","1161371","14.89"
"6950","2012","67","0.02730","0.02693","0.50","76090","2049","75065","1084326","14.25"
"6951","2012","68","0.02945","0.02902","0.50","74041","2149","72966","1009261","13.63"
"6952","2012","69","0.02950","0.02908","0.50","71892","2090","70847","936294","13.02"
"6953","2012","70","0.03325","0.03271","0.50","69802","2283","68660","865447","12.40"
"6954","2012","71","0.03444","0.03386","0.50","67519","2286","66376","796787","11.80"
"6955","2012","72","0.03716","0.03648","0.50","65233","2380","64043","730411","11.20"
"6956","2012","73","0.04118","0.04035","0.50","62853","2536","61585","666368","10.60"
"6957","2012","74","0.04604","0.04501","0.50","60317","2715","58959","604784","10.03"
"6958","2012","75","0.05144","0.05015","0.50","57602","2889","56158","545824","9.48"
"6959","2012","76","0.05283","0.05147","0.50","54713","2816","53305","489667","8.95"
"6960","2012","77","0.05715","0.05556","0.50","51897","2883","50455","436362","8.41"
"6961","2012","78","0.06762","0.06540","0.50","49013","3206","47410","385907","7.87"
"6962","2012","79","0.07237","0.06984","0.50","45808","3199","44208","338496","7.39"
"6963","2012","80","0.07993","0.07686","0.50","42608","3275","40971","294288","6.91"
"6964","2012","81","0.08924","0.08543","0.50","39334","3360","37653","253317","6.44"
"6965","2012","82","0.10173","0.09681","0.50","35973","3483","34232","215664","6.00"
"6966","2012","83","0.11629","0.10990","0.50","32491","3571","30705","181432","5.58"
"6967","2012","84","0.12536","0.11796","0.50","28920","3411","27214","150727","5.21"
"6968","2012","85","0.14873","0.13843","0.50","25509","3531","23743","123512","4.84"
"6969","2012","86","0.15640","0.14506","0.50","21977","3188","20383","99769","4.54"
"6970","2012","87","0.18294","0.16761","0.50","18789","3149","17215","79386","4.23"
"6971","2012","88","0.18319","0.16782","0.50","15640","2625","14328","62171","3.98"
"6972","2012","89","0.21267","0.19223","0.50","13015","2502","11764","47844","3.68"
"6973","2012","90","0.22843","0.20501","0.50","10513","2155","9436","36079","3.43"
"6974","2012","91","0.26013","0.23019","0.50","8358","1924","7396","26644","3.19"
"6975","2012","92","0.27452","0.24139","0.50","6434","1553","5658","19248","2.99"
"6976","2012","93","0.29550","0.25746","0.50","4881","1257","4253","13590","2.78"
"6977","2012","94","0.33516","0.28706","0.50","3624","1040","3104","9337","2.58"
"6978","2012","95","0.36486","0.30857","0.50","2584","797","2185","6233","2.41"
"6979","2012","96","0.39427","0.32934","0.50","1787","588","1492","4048","2.27"
"6980","2012","97","0.42446","0.35015","0.50","1198","420","988","2556","2.13"
"6981","2012","98","0.45523","0.37082","0.50","779","289","634","1567","2.01"
"6982","2012","99","0.48634","0.39121","0.50","490","192","394","933","1.90"
"6983","2012","100","0.51756","0.41116","0.50","298","123","237","539","1.81"
"6984","2012","101","0.54864","0.43054","0.50","176","76","138","302","1.72"
"6985","2012","102","0.57935","0.44922","0.50","100","45","78","164","1.64"
"6986","2012","103","0.60945","0.46711","0.50","55","26","42","86","1.57"
"6987","2012","104","0.63875","0.48413","0.50","29","14","22","44","1.51"
"6988","2012","105","0.66704","0.50021","0.50","15","8","11","22","1.45"
"6989","2012","106","0.69419","0.51532","0.50","8","4","6","11","1.40"
"6990","2012","107","0.72004","0.52944","0.50","4","2","3","5","1.36"
"6991","2012","108","0.74452","0.54255","0.50","2","1","1","2","1.32"
"6992","2012","109","0.76755","0.55468","0.50","1","0","1","1","1.29"
"6993","2012","110+","0.78909","1.00000","1.27","0","0","0","0","1.27"
"6994","2013","0","0.00286","0.00285","0.14","100000","285","99756","7515104","75.15"
"6995","2013","1","0.00034","0.00034","0.50","99715","34","99698","7415348","74.37"
"6996","2013","2","0.00010","0.00010","0.50","99681","10","99675","7315650","73.39"
"6997","2013","3","0.00015","0.00015","0.50","99670","15","99663","7215975","72.40"
"6998","2013","4","0.00008","0.00008","0.50","99656","8","99652","7116312","71.41"
"6999","2013","5","0.00010","0.00010","0.50","99648","10","99643","7016660","70.41"
"7000","2013","6","0.00010","0.00010","0.50","99638","10","99633","6917017","69.42"
"7001","2013","7","0.00009","0.00009","0.50","99628","9","99623","6817384","68.43"
"7002","2013","8","0.00015","0.00015","0.50","99619","15","99611","6717761","67.43"
"7003","2013","9","0.00008","0.00008","0.50","99603","8","99599","6618150","66.45"
"7004","2013","10","0.00010","0.00010","0.50","99595","10","99590","6518550","65.45"
"7005","2013","11","0.00013","0.00013","0.50","99585","13","99579","6418960","64.46"
"7006","2013","12","0.00017","0.00017","0.50","99572","17","99564","6319381","63.47"
"7007","2013","13","0.00011","0.00011","0.50","99555","11","99550","6219818","62.48"
"7008","2013","14","0.00004","0.00004","0.50","99545","4","99543","6120268","61.48"
"7009","2013","15","0.00022","0.00022","0.50","99540","22","99530","6020725","60.49"
"7010","2013","16","0.00028","0.00028","0.50","99519","28","99505","5921195","59.50"
"7011","2013","17","0.00043","0.00043","0.50","99491","43","99470","5821690","58.51"
"7012","2013","18","0.00067","0.00067","0.50","99448","67","99415","5722221","57.54"
"7013","2013","19","0.00099","0.00099","0.50","99381","98","99332","5622806","56.58"
"7014","2013","20","0.00074","0.00074","0.50","99283","74","99246","5523474","55.63"
"7015","2013","21","0.00071","0.00071","0.50","99210","71","99174","5424228","54.67"
"7016","2013","22","0.00074","0.00074","0.50","99139","73","99102","5325053","53.71"
"7017","2013","23","0.00068","0.00068","0.50","99066","68","99032","5225951","52.75"
"7018","2013","24","0.00097","0.00097","0.50","98998","96","98950","5126919","51.79"
"7019","2013","25","0.00080","0.00080","0.50","98902","79","98863","5027969","50.84"
"7020","2013","26","0.00071","0.00071","0.50","98823","70","98788","4929107","49.88"
"7021","2013","27","0.00074","0.00074","0.50","98753","73","98717","4830318","48.91"
"7022","2013","28","0.00078","0.00078","0.50","98680","77","98641","4731602","47.95"
"7023","2013","29","0.00089","0.00089","0.50","98603","88","98559","4632960","46.99"
"7024","2013","30","0.00078","0.00078","0.50","98515","77","98476","4534401","46.03"
"7025","2013","31","0.00090","0.00090","0.50","98438","88","98394","4435925","45.06"
"7026","2013","32","0.00091","0.00091","0.50","98349","90","98304","4337532","44.10"
"7027","2013","33","0.00093","0.00093","0.50","98259","91","98214","4239227","43.14"
"7028","2013","34","0.00118","0.00118","0.50","98168","116","98110","4141013","42.18"
"7029","2013","35","0.00118","0.00118","0.50","98053","116","97995","4042903","41.23"
"7030","2013","36","0.00107","0.00107","0.50","97937","105","97884","3944908","40.28"
"7031","2013","37","0.00110","0.00110","0.50","97832","108","97778","3847024","39.32"
"7032","2013","38","0.00123","0.00123","0.50","97724","120","97664","3749246","38.37"
"7033","2013","39","0.00154","0.00153","0.50","97604","150","97529","3651581","37.41"
"7034","2013","40","0.00125","0.00125","0.50","97454","121","97394","3554052","36.47"
"7035","2013","41","0.00184","0.00184","0.50","97333","179","97244","3456659","35.51"
"7036","2013","42","0.00187","0.00187","0.50","97154","182","97063","3359415","34.58"
"7037","2013","43","0.00241","0.00240","0.50","96973","233","96856","3262352","33.64"
"7038","2013","44","0.00287","0.00287","0.50","96739","277","96601","3165496","32.72"
"7039","2013","45","0.00278","0.00277","0.50","96462","267","96328","3068895","31.81"
"7040","2013","46","0.00303","0.00302","0.50","96195","291","96049","2972567","30.90"
"7041","2013","47","0.00368","0.00368","0.50","95904","353","95728","2876517","29.99"
"7042","2013","48","0.00404","0.00404","0.50","95551","386","95359","2780790","29.10"
"7043","2013","49","0.00439","0.00438","0.50","95166","417","94957","2685431","28.22"
"7044","2013","50","0.00428","0.00427","0.50","94749","405","94546","2590474","27.34"
"7045","2013","51","0.00528","0.00527","0.50","94344","497","94096","2495927","26.46"
"7046","2013","52","0.00553","0.00552","0.50","93847","518","93588","2401831","25.59"
"7047","2013","53","0.00649","0.00647","0.50","93329","604","93027","2308243","24.73"
"7048","2013","54","0.00696","0.00693","0.50","92725","643","92404","2215216","23.89"
"7049","2013","55","0.00834","0.00830","0.50","92083","764","91700","2122812","23.05"
"7050","2013","56","0.00926","0.00922","0.50","91318","842","90897","2031112","22.24"
"7051","2013","57","0.00964","0.00959","0.50","90477","868","90043","1940214","21.44"
"7052","2013","58","0.01137","0.01130","0.50","89609","1013","89102","1850172","20.65"
"7053","2013","59","0.01225","0.01218","0.50","88596","1079","88057","1761069","19.88"
"7054","2013","60","0.01354","0.01345","0.50","87517","1177","86929","1673013","19.12"
"7055","2013","61","0.01558","0.01546","0.50","86341","1335","85673","1586084","18.37"
"7056","2013","62","0.01667","0.01654","0.50","85006","1406","84303","1500411","17.65"
"7057","2013","63","0.01852","0.01835","0.50","83600","1534","82833","1416108","16.94"
"7058","2013","64","0.02104","0.02082","0.50","82066","1709","81212","1333275","16.25"
"7059","2013","65","0.02236","0.02211","0.50","80357","1777","79469","1252063","15.58"
"7060","2013","66","0.02379","0.02351","0.50","78580","1848","77656","1172594","14.92"
"7061","2013","67","0.02709","0.02673","0.50","76733","2051","75707","1094938","14.27"
"7062","2013","68","0.02848","0.02808","0.50","74681","2097","73633","1019231","13.65"
"7063","2013","69","0.03030","0.02985","0.50","72584","2167","71501","945598","13.03"
"7064","2013","70","0.03331","0.03276","0.50","70418","2307","69264","874097","12.41"
"7065","2013","71","0.03406","0.03349","0.50","68111","2281","66970","804833","11.82"
"7066","2013","72","0.03864","0.03791","0.50","65830","2496","64582","737863","11.21"
"7067","2013","73","0.04246","0.04157","0.50","63334","2633","62018","673281","10.63"
"7068","2013","74","0.04318","0.04226","0.50","60701","2565","59418","611263","10.07"
"7069","2013","75","0.05159","0.05029","0.50","58136","2924","56674","551845","9.49"
"7070","2013","76","0.05626","0.05472","0.50","55212","3021","53701","495171","8.97"
"7071","2013","77","0.06264","0.06074","0.50","52191","3170","50606","441469","8.46"
"7072","2013","78","0.06505","0.06300","0.50","49021","3088","47477","390864","7.97"
"7073","2013","79","0.06905","0.06674","0.50","45932","3066","44400","343387","7.48"
"7074","2013","80","0.07803","0.07510","0.50","42867","3219","41257","298987","6.97"
"7075","2013","81","0.08917","0.08536","0.50","39648","3384","37955","257730","6.50"
"7076","2013","82","0.09933","0.09463","0.50","36263","3432","34547","219775","6.06"
"7077","2013","83","0.10806","0.10252","0.50","32832","3366","31149","185227","5.64"
"7078","2013","84","0.12195","0.11494","0.50","29466","3387","27772","154079","5.23"
"7079","2013","85","0.14880","0.13850","0.50","26079","3612","24273","126307","4.84"
"7080","2013","86","0.15469","0.14358","0.50","22467","3226","20854","102034","4.54"
"7081","2013","87","0.17653","0.16221","0.50","19241","3121","17680","81180","4.22"
"7082","2013","88","0.18497","0.16931","0.50","16120","2729","14755","63499","3.94"
"7083","2013","89","0.21252","0.19211","0.50","13391","2572","12104","48744","3.64"
"7084","2013","90","0.23021","0.20645","0.50","10818","2233","9701","36640","3.39"
"7085","2013","91","0.26665","0.23528","0.50","8585","2020","7575","26938","3.14"
"7086","2013","92","0.27624","0.24272","0.50","6565","1593","5768","19363","2.95"
"7087","2013","93","0.30508","0.26471","0.50","4972","1316","4314","13595","2.73"
"7088","2013","94","0.34133","0.29157","0.50","3656","1066","3123","9282","2.54"
"7089","2013","95","0.37000","0.31224","0.50","2590","809","2185","6159","2.38"
"7090","2013","96","0.40051","0.33369","0.50","1781","594","1484","3974","2.23"
"7091","2013","97","0.43182","0.35514","0.50","1187","421","976","2490","2.10"
"7092","2013","98","0.46367","0.37641","0.50","765","288","621","1514","1.98"
"7093","2013","99","0.49583","0.39733","0.50","477","190","382","892","1.87"
"7094","2013","100","0.52802","0.41774","0.50","288","120","228","510","1.77"
"7095","2013","101","0.55998","0.43749","0.50","167","73","131","282","1.69"
"7096","2013","102","0.59145","0.45646","0.50","94","43","73","151","1.61"
"7097","2013","103","0.62219","0.47456","0.50","51","24","39","79","1.54"
"7098","2013","104","0.65198","0.49169","0.50","27","13","20","40","1.48"
"7099","2013","105","0.68062","0.50781","0.50","14","7","10","19","1.42"
"7100","2013","106","0.70796","0.52287","0.50","7","4","5","9","1.37"
"7101","2013","107","0.73388","0.53688","0.50","3","2","2","4","1.33"
"7102","2013","108","0.75828","0.54982","0.50","1","1","1","2","1.29"
"7103","2013","109","0.78111","0.56173","0.50","1","0","0","1","1.27"
"7104","2013","110+","0.80235","1.00000","1.25","0","0","0","0","1.25"
"7105","2014","0","0.00275","0.00275","0.14","100000","275","99765","7571676","75.72"
"7106","2014","1","0.00022","0.00022","0.50","99725","21","99715","7471912","74.92"
"7107","2014","2","0.00013","0.00013","0.50","99704","13","99698","7372197","73.94"
"7108","2014","3","0.00010","0.00010","0.50","99691","10","99686","7272500","72.95"
"7109","2014","4","0.00011","0.00011","0.50","99681","11","99676","7172813","71.96"
"7110","2014","5","0.00010","0.00010","0.50","99670","10","99665","7073138","70.97"
"7111","2014","6","0.00003","0.00003","0.50","99660","3","99659","6973473","69.97"
"7112","2014","7","0.00017","0.00017","0.50","99657","17","99649","6873814","68.97"
"7113","2014","8","0.00006","0.00006","0.50","99640","6","99637","6774165","67.99"
"7114","2014","9","0.00015","0.00015","0.50","99634","15","99627","6674528","66.99"
"7115","2014","10","0.00008","0.00008","0.50","99619","8","99615","6574902","66.00"
"7116","2014","11","0.00010","0.00010","0.50","99611","10","99606","6475287","65.01"
"7117","2014","12","0.00006","0.00006","0.50","99601","6","99597","6375681","64.01"
"7118","2014","13","0.00009","0.00009","0.50","99594","8","99590","6276083","63.02"
"7119","2014","14","0.00024","0.00024","0.50","99586","24","99574","6176493","62.02"
"7120","2014","15","0.00026","0.00026","0.50","99562","26","99549","6076919","61.04"
"7121","2014","16","0.00032","0.00032","0.50","99537","32","99520","5977370","60.05"
"7122","2014","17","0.00047","0.00047","0.50","99504","47","99481","5877849","59.07"
"7123","2014","18","0.00068","0.00068","0.50","99458","67","99424","5778368","58.10"
"7124","2014","19","0.00084","0.00084","0.50","99390","83","99349","5678944","57.14"
"7125","2014","20","0.00078","0.00078","0.50","99307","78","99268","5579596","56.19"
"7126","2014","21","0.00068","0.00068","0.50","99229","67","99195","5480328","55.23"
"7127","2014","22","0.00063","0.00063","0.50","99162","63","99130","5381133","54.27"
"7128","2014","23","0.00054","0.00054","0.50","99099","53","99073","5282002","53.30"
"7129","2014","24","0.00071","0.00071","0.50","99046","71","99011","5182930","52.33"
"7130","2014","25","0.00075","0.00075","0.50","98975","74","98938","5083919","51.37"
"7131","2014","26","0.00062","0.00062","0.50","98901","62","98871","4984980","50.40"
"7132","2014","27","0.00086","0.00086","0.50","98840","85","98797","4886110","49.43"
"7133","2014","28","0.00082","0.00082","0.50","98754","81","98714","4787313","48.48"
"7134","2014","29","0.00062","0.00062","0.50","98674","61","98643","4688599","47.52"
"7135","2014","30","0.00072","0.00072","0.50","98613","71","98577","4589956","46.55"
"7136","2014","31","0.00087","0.00087","0.50","98542","86","98499","4491379","45.58"
"7137","2014","32","0.00085","0.00085","0.50","98456","83","98414","4392880","44.62"
"7138","2014","33","0.00085","0.00085","0.50","98372","84","98330","4294466","43.66"
"7139","2014","34","0.00102","0.00102","0.50","98289","100","98239","4196136","42.69"
"7140","2014","35","0.00113","0.00112","0.50","98188","110","98133","4097897","41.74"
"7141","2014","36","0.00097","0.00096","0.50","98078","95","98031","3999764","40.78"
"7142","2014","37","0.00113","0.00113","0.50","97983","110","97928","3901733","39.82"
"7143","2014","38","0.00116","0.00116","0.50","97873","114","97816","3803805","38.86"
"7144","2014","39","0.00137","0.00137","0.50","97759","133","97692","3705989","37.91"
"7145","2014","40","0.00167","0.00167","0.50","97626","163","97544","3608297","36.96"
"7146","2014","41","0.00182","0.00182","0.50","97463","177","97374","3510752","36.02"
"7147","2014","42","0.00198","0.00198","0.50","97285","192","97189","3413378","35.09"
"7148","2014","43","0.00202","0.00201","0.50","97093","196","96995","3316189","34.15"
"7149","2014","44","0.00238","0.00238","0.50","96898","231","96782","3219194","33.22"
"7150","2014","45","0.00272","0.00272","0.50","96667","263","96535","3122412","32.30"
"7151","2014","46","0.00306","0.00305","0.50","96404","294","96257","3025877","31.39"
"7152","2014","47","0.00339","0.00339","0.50","96109","326","95947","2929620","30.48"
"7153","2014","48","0.00390","0.00389","0.50","95784","372","95598","2833673","29.58"
"7154","2014","49","0.00386","0.00385","0.50","95411","367","95228","2738076","28.70"
"7155","2014","50","0.00473","0.00472","0.50","95044","448","94820","2642848","27.81"
"7156","2014","51","0.00477","0.00476","0.50","94595","450","94370","2548029","26.94"
"7157","2014","52","0.00581","0.00579","0.50","94145","545","93872","2453658","26.06"
"7158","2014","53","0.00552","0.00551","0.50","93600","515","93342","2359786","25.21"
"7159","2014","54","0.00693","0.00690","0.50","93085","643","92763","2266444","24.35"
"7160","2014","55","0.00710","0.00708","0.50","92442","654","92115","2173681","23.51"
"7161","2014","56","0.00834","0.00830","0.50","91788","762","91406","2081566","22.68"
"7162","2014","57","0.00976","0.00972","0.50","91025","884","90583","1990159","21.86"
"7163","2014","58","0.01042","0.01036","0.50","90141","934","89674","1899576","21.07"
"7164","2014","59","0.01188","0.01181","0.50","89207","1053","88680","1809902","20.29"
"7165","2014","60","0.01299","0.01290","0.50","88153","1138","87585","1721222","19.53"
"7166","2014","61","0.01477","0.01466","0.50","87016","1275","86378","1633637","18.77"
"7167","2014","62","0.01661","0.01648","0.50","85741","1413","85034","1547259","18.05"
"7168","2014","63","0.01693","0.01679","0.50","84328","1416","83620","1462225","17.34"
"7169","2014","64","0.01944","0.01926","0.50","82912","1597","82114","1378605","16.63"
"7170","2014","65","0.02092","0.02070","0.50","81316","1683","80474","1296491","15.94"
"7171","2014","66","0.02329","0.02303","0.50","79632","1834","78715","1216017","15.27"
"7172","2014","67","0.02523","0.02492","0.50","77799","1938","76829","1137302","14.62"
"7173","2014","68","0.02858","0.02817","0.50","75860","2137","74792","1060472","13.98"
"7174","2014","69","0.02871","0.02830","0.50","73723","2086","72680","985681","13.37"
"7175","2014","70","0.03199","0.03149","0.50","71637","2256","70509","913001","12.74"
"7176","2014","71","0.03404","0.03347","0.50","69381","2322","68220","842492","12.14"
"7177","2014","72","0.03482","0.03423","0.50","67059","2295","65911","774272","11.55"
"7178","2014","73","0.03877","0.03803","0.50","64764","2463","63532","708361","10.94"
"7179","2014","74","0.04246","0.04157","0.50","62300","2590","61005","644829","10.35"
"7180","2014","75","0.04498","0.04399","0.50","59710","2627","58397","583824","9.78"
"7181","2014","76","0.05346","0.05206","0.50","57084","2972","55598","525427","9.20"
"7182","2014","77","0.05789","0.05626","0.50","54112","3044","52590","469829","8.68"
"7183","2014","78","0.06370","0.06173","0.50","51068","3153","49491","417240","8.17"
"7184","2014","79","0.06825","0.06600","0.50","47915","3162","46334","367748","7.68"
"7185","2014","80","0.07789","0.07497","0.50","44753","3355","43075","321414","7.18"
"7186","2014","81","0.08358","0.08022","0.50","41398","3321","39737","278339","6.72"
"7187","2014","82","0.09308","0.08894","0.50","38077","3387","36383","238602","6.27"
"7188","2014","83","0.10594","0.10061","0.50","34690","3490","32945","202219","5.83"
"7189","2014","84","0.11341","0.10732","0.50","31200","3348","29526","169274","5.43"
"7190","2014","85","0.12975","0.12185","0.50","27851","3394","26155","139748","5.02"
"7191","2014","86","0.14553","0.13566","0.50","24458","3318","22799","113594","4.64"
"7192","2014","87","0.16765","0.15468","0.50","21140","3270","19505","90795","4.29"
"7193","2014","88","0.18508","0.16940","0.50","17870","3027","16356","71290","3.99"
"7194","2014","89","0.20268","0.18403","0.50","14843","2732","13477","54934","3.70"
"7195","2014","90","0.23803","0.21271","0.50","12111","2576","10823","41457","3.42"
"7196","2014","91","0.24967","0.22196","0.50","9535","2116","8477","30634","3.21"
"7197","2014","92","0.28525","0.24964","0.50","7419","1852","6493","22157","2.99"
"7198","2014","93","0.27553","0.24217","0.50","5567","1348","4893","15664","2.81"
"7199","2014","94","0.35594","0.30216","0.50","4219","1275","3581","10772","2.55"
"7200","2014","95","0.35773","0.30346","0.50","2944","893","2497","7190","2.44"
"7201","2014","96","0.38794","0.32492","0.50","2051","666","1717","4693","2.29"
"7202","2014","97","0.41903","0.34645","0.50","1384","480","1144","2976","2.15"
"7203","2014","98","0.45078","0.36787","0.50","905","333","738","1831","2.02"
"7204","2014","99","0.48293","0.38900","0.50","572","222","461","1093","1.91"
"7205","2014","100","0.51523","0.40969","0.50","349","143","278","632","1.81"
"7206","2014","101","0.54740","0.42977","0.50","206","89","162","355","1.72"
"7207","2014","102","0.57918","0.44912","0.50","118","53","91","193","1.64"
"7208","2014","103","0.61031","0.46762","0.50","65","30","50","101","1.56"
"7209","2014","104","0.64058","0.48518","0.50","34","17","26","52","1.50"
"7210","2014","105","0.66976","0.50174","0.50","18","9","13","26","1.44"
"7211","2014","106","0.69769","0.51725","0.50","9","5","7","12","1.39"
"7212","2014","107","0.72423","0.53170","0.50","4","2","3","6","1.35"
"7213","2014","108","0.74928","0.54507","0.50","2","1","1","3","1.31"
"7214","2014","109","0.77277","0.55740","0.50","1","1","1","1","1.28"
"7215","2014","110+","0.79466","1.00000","1.26","0","0","1","1","1.26"
"7216","2015","0","0.00296","0.00295","0.14","100000","295","99747","7563593","75.64"
"7217","2015","1","0.00023","0.00023","0.50","99705","23","99693","7463846","74.86"
"7218","2015","2","0.00014","0.00014","0.50","99682","14","99675","7364153","73.88"
"7219","2015","3","0.00009","0.00009","0.50","99667","9","99663","7264479","72.89"
"7220","2015","4","0.00008","0.00008","0.50","99658","8","99654","7164816","71.89"
"7221","2015","5","0.00008","0.00008","0.50","99650","8","99646","7065161","70.90"
"7222","2015","6","0.00010","0.00010","0.50","99642","10","99637","6965515","69.91"
"7223","2015","7","0.00006","0.00006","0.50","99632","6","99629","6865878","68.91"
"7224","2015","8","0.00012","0.00012","0.50","99626","12","99620","6766249","67.92"
"7225","2015","9","0.00007","0.00007","0.50","99614","7","99610","6666629","66.92"
"7226","2015","10","0.00012","0.00012","0.50","99607","12","99601","6567019","65.93"
"7227","2015","11","0.00002","0.00002","0.50","99595","2","99594","6467418","64.94"
"7228","2015","12","0.00008","0.00008","0.50","99593","8","99589","6367824","63.94"
"7229","2015","13","0.00021","0.00021","0.50","99585","21","99574","6268235","62.94"
"7230","2015","14","0.00013","0.00013","0.50","99564","13","99558","6168660","61.96"
"7231","2015","15","0.00004","0.00004","0.50","99551","4","99549","6069103","60.96"
"7232","2015","16","0.00015","0.00015","0.50","99547","15","99539","5969554","59.97"
"7233","2015","17","0.00041","0.00041","0.50","99532","41","99512","5870014","58.98"
"7234","2015","18","0.00063","0.00063","0.50","99491","63","99460","5770503","58.00"
"7235","2015","19","0.00057","0.00057","0.50","99428","57","99400","5671043","57.04"
"7236","2015","20","0.00065","0.00065","0.50","99371","64","99339","5571643","56.07"
"7237","2015","21","0.00080","0.00080","0.50","99307","79","99268","5472304","55.10"
"7238","2015","22","0.00079","0.00079","0.50","99228","78","99189","5373036","54.15"
"7239","2015","23","0.00052","0.00052","0.50","99150","52","99124","5273847","53.19"
"7240","2015","24","0.00073","0.00073","0.50","99098","73","99062","5174723","52.22"
"7241","2015","25","0.00090","0.00090","0.50","99025","89","98981","5075661","51.26"
"7242","2015","26","0.00086","0.00086","0.50","98936","85","98894","4976680","50.30"
"7243","2015","27","0.00075","0.00075","0.50","98852","74","98815","4877786","49.34"
"7244","2015","28","0.00059","0.00059","0.50","98778","59","98748","4778972","48.38"
"7245","2015","29","0.00086","0.00086","0.50","98719","85","98677","4680224","47.41"
"7246","2015","30","0.00075","0.00075","0.50","98634","74","98597","4581547","46.45"
"7247","2015","31","0.00085","0.00085","0.50","98560","84","98518","4482950","45.48"
"7248","2015","32","0.00087","0.00087","0.50","98477","86","98434","4384432","44.52"
"7249","2015","33","0.00095","0.00095","0.50","98391","93","98344","4285998","43.56"
"7250","2015","34","0.00095","0.00095","0.50","98298","93","98251","4187654","42.60"
"7251","2015","35","0.00135","0.00134","0.50","98204","132","98138","4089403","41.64"
"7252","2015","36","0.00112","0.00112","0.50","98072","110","98017","3991264","40.70"
"7253","2015","37","0.00120","0.00120","0.50","97962","118","97903","3893247","39.74"
"7254","2015","38","0.00127","0.00127","0.50","97845","124","97782","3795344","38.79"
"7255","2015","39","0.00128","0.00128","0.50","97720","125","97658","3697562","37.84"
"7256","2015","40","0.00157","0.00157","0.50","97595","153","97519","3599904","36.89"
"7257","2015","41","0.00165","0.00165","0.50","97442","161","97362","3502385","35.94"
"7258","2015","42","0.00177","0.00177","0.50","97281","172","97196","3405023","35.00"
"7259","2015","43","0.00228","0.00227","0.50","97110","221","96999","3307828","34.06"
"7260","2015","44","0.00222","0.00222","0.50","96889","215","96781","3210828","33.14"
"7261","2015","45","0.00251","0.00251","0.50","96674","242","96552","3114047","32.21"
"7262","2015","46","0.00304","0.00303","0.50","96431","292","96285","3017495","31.29"
"7263","2015","47","0.00327","0.00326","0.50","96139","313","95982","2921210","30.39"
"7264","2015","48","0.00379","0.00378","0.50","95825","363","95644","2825228","29.48"
"7265","2015","49","0.00396","0.00395","0.50","95463","378","95274","2729584","28.59"
"7266","2015","50","0.00463","0.00462","0.50","95085","439","94866","2634310","27.70"
"7267","2015","51","0.00438","0.00437","0.50","94646","413","94440","2539444","26.83"
"7268","2015","52","0.00547","0.00546","0.50","94233","514","93976","2445004","25.95"
"7269","2015","53","0.00651","0.00649","0.50","93719","608","93415","2351029","25.09"
"7270","2015","54","0.00631","0.00629","0.50","93110","586","92818","2257614","24.25"
"7271","2015","55","0.00756","0.00753","0.50","92525","697","92176","2164796","23.40"
"7272","2015","56","0.00801","0.00798","0.50","91828","733","91462","2072620","22.57"
"7273","2015","57","0.00906","0.00902","0.50","91095","821","90685","1981158","21.75"
"7274","2015","58","0.01016","0.01011","0.50","90274","913","89818","1890474","20.94"
"7275","2015","59","0.01095","0.01089","0.50","89361","974","88874","1800656","20.15"
"7276","2015","60","0.01283","0.01275","0.50","88388","1127","87824","1711781","19.37"
"7277","2015","61","0.01456","0.01446","0.50","87261","1262","86630","1623957","18.61"
"7278","2015","62","0.01563","0.01551","0.50","85999","1334","85332","1537328","17.88"
"7279","2015","63","0.01841","0.01824","0.50","84665","1544","83893","1451995","17.15"
"7280","2015","64","0.02033","0.02013","0.50","83121","1673","82285","1368102","16.46"
"7281","2015","65","0.02117","0.02095","0.50","81448","1706","80595","1285817","15.79"
"7282","2015","66","0.02249","0.02224","0.50","79742","1774","78855","1205222","15.11"
"7283","2015","67","0.02518","0.02486","0.50","77968","1939","76999","1126367","14.45"
"7284","2015","68","0.02738","0.02701","0.50","76030","2054","75003","1049368","13.80"
"7285","2015","69","0.02785","0.02747","0.50","73976","2032","72960","974365","13.17"
"7286","2015","70","0.03338","0.03283","0.50","71944","2362","70763","901405","12.53"
"7287","2015","71","0.03661","0.03595","0.50","69582","2502","68331","830642","11.94"
"7288","2015","72","0.03771","0.03701","0.50","67080","2483","65839","762311","11.36"
"7289","2015","73","0.04089","0.04007","0.50","64598","2588","63303","696472","10.78"
"7290","2015","74","0.04708","0.04600","0.50","62009","2853","60583","633169","10.21"
"7291","2015","75","0.04769","0.04658","0.50","59157","2756","57779","572586","9.68"
"7292","2015","76","0.04945","0.04826","0.50","56401","2722","55040","514807","9.13"
"7293","2015","77","0.05995","0.05820","0.50","53679","3124","52117","459767","8.57"
"7294","2015","78","0.06213","0.06026","0.50","50555","3046","49032","407650","8.06"
"7295","2015","79","0.06832","0.06606","0.50","47508","3139","45939","358618","7.55"
"7296","2015","80","0.07526","0.07253","0.50","44370","3218","42761","312679","7.05"
"7297","2015","81","0.08815","0.08443","0.50","41151","3474","39414","269919","6.56"
"7298","2015","82","0.09590","0.09151","0.50","37677","3448","35953","230504","6.12"
"7299","2015","83","0.10887","0.10325","0.50","34229","3534","32462","194551","5.68"
"7300","2015","84","0.11893","0.11225","0.50","30695","3446","28972","162089","5.28"
"7301","2015","85","0.13733","0.12851","0.50","27249","3502","25499","133117","4.89"
"7302","2015","86","0.14966","0.13924","0.50","23748","3307","22094","107618","4.53"
"7303","2015","87","0.17442","0.16043","0.50","20441","3279","18801","85524","4.18"
"7304","2015","88","0.18825","0.17206","0.50","17162","2953","15685","66722","3.89"
"7305","2015","89","0.22478","0.20207","0.50","14209","2871","12773","51037","3.59"
"7306","2015","90","0.22942","0.20581","0.50","11338","2333","10171","38264","3.37"
"7307","2015","91","0.25611","0.22704","0.50","9004","2044","7982","28093","3.12"
"7308","2015","92","0.29554","0.25749","0.50","6960","1792","6064","20111","2.89"
"7309","2015","93","0.30773","0.26670","0.50","5168","1378","4479","14047","2.72"
"7310","2015","94","0.33646","0.28801","0.50","3790","1091","3244","9568","2.52"
"7311","2015","95","0.37537","0.31605","0.50","2698","853","2272","6324","2.34"
"7312","2015","96","0.40704","0.33821","0.50","1845","624","1533","4052","2.20"
"7313","2015","97","0.43950","0.36032","0.50","1221","440","1001","2519","2.06"
"7314","2015","98","0.47249","0.38220","0.50","781","299","632","1518","1.94"
"7315","2015","99","0.50572","0.40365","0.50","483","195","385","886","1.84"
"7316","2015","100","0.53890","0.42451","0.50","288","122","227","501","1.74"
"7317","2015","101","0.57173","0.44463","0.50","166","74","129","274","1.65"
"7318","2015","102","0.60395","0.46387","0.50","92","43","71","145","1.58"
"7319","2015","103","0.63529","0.48214","0.50","49","24","37","74","1.51"
"7320","2015","104","0.66552","0.49936","0.50","26","13","19","37","1.45"
"7321","2015","105","0.69446","0.51547","0.50","13","7","9","18","1.40"
"7322","2015","106","0.72193","0.53046","0.50","6","3","5","8","1.35"
"7323","2015","107","0.74783","0.54431","0.50","3","2","2","4","1.31"
"7324","2015","108","0.77208","0.55704","0.50","1","1","1","2","1.27"
"7325","2015","109","0.79464","0.56869","0.50","1","0","0","1","1.24"
"7326","2015","110+","0.81550","1.00000","1.23","0","0","0","0","1.23"
"7327","2016","0","0.00318","0.00317","0.14","100000","317","99728","7604991","76.05"
"7328","2016","1","0.00026","0.00026","0.50","99683","26","99670","7505263","75.29"
"7329","2016","2","0.00016","0.00016","0.50","99657","16","99649","7405593","74.31"
"7330","2016","3","0.00016","0.00016","0.50","99641","16","99633","7305944","73.32"
"7331","2016","4","0.00007","0.00007","0.50","99625","7","99621","7206311","72.33"
"7332","2016","5","0.00008","0.00008","0.50","99618","8","99613","7106690","71.34"
"7333","2016","6","0.00010","0.00010","0.50","99609","10","99604","7007076","70.35"
"7334","2016","7","0.00011","0.00011","0.50","99600","11","99594","6907472","69.35"
"7335","2016","8","0.00006","0.00006","0.50","99588","6","99585","6807878","68.36"
"7336","2016","9","0.00003","0.00003","0.50","99582","3","99580","6708293","67.36"
"7337","2016","10","0.00004","0.00004","0.50","99579","4","99577","6608712","66.37"
"7338","2016","11","0.00013","0.00013","0.50","99575","13","99568","6509136","65.37"
"7339","2016","12","0.00008","0.00008","0.50","99562","8","99558","6409567","64.38"
"7340","2016","13","0.00012","0.00012","0.50","99553","12","99547","6310010","63.38"
"7341","2016","14","0.00015","0.00015","0.50","99541","15","99534","6210462","62.39"
"7342","2016","15","0.00015","0.00015","0.50","99526","15","99519","6110929","61.40"
"7343","2016","16","0.00017","0.00017","0.50","99512","17","99503","6011410","60.41"
"7344","2016","17","0.00028","0.00028","0.50","99495","28","99481","5911906","59.42"
"7345","2016","18","0.00064","0.00064","0.50","99467","64","99435","5812426","58.44"
"7346","2016","19","0.00063","0.00063","0.50","99403","63","99372","5712991","57.47"
"7347","2016","20","0.00059","0.00059","0.50","99341","59","99311","5613619","56.51"
"7348","2016","21","0.00070","0.00070","0.50","99282","70","99247","5514307","55.54"
"7349","2016","22","0.00076","0.00076","0.50","99213","76","99175","5415060","54.58"
"7350","2016","23","0.00069","0.00069","0.50","99137","68","99103","5315885","53.62"
"7351","2016","24","0.00079","0.00079","0.50","99069","79","99029","5216782","52.66"
"7352","2016","25","0.00070","0.00070","0.50","98990","69","98955","5117753","51.70"
"7353","2016","26","0.00060","0.00060","0.50","98921","59","98891","5018797","50.74"
"7354","2016","27","0.00073","0.00072","0.50","98861","72","98825","4919906","49.77"
"7355","2016","28","0.00091","0.00091","0.50","98790","90","98745","4821081","48.80"
"7356","2016","29","0.00056","0.00056","0.50","98699","56","98672","4722336","47.85"
"7357","2016","30","0.00095","0.00095","0.50","98644","93","98597","4623665","46.87"
"7358","2016","31","0.00083","0.00083","0.50","98550","81","98510","4525067","45.92"
"7359","2016","32","0.00073","0.00073","0.50","98469","72","98433","4426558","44.95"
"7360","2016","33","0.00078","0.00078","0.50","98397","76","98359","4328125","43.99"
"7361","2016","34","0.00087","0.00087","0.50","98321","85","98278","4229766","43.02"
"7362","2016","35","0.00120","0.00120","0.50","98236","118","98177","4131488","42.06"
"7363","2016","36","0.00104","0.00104","0.50","98118","102","98066","4033311","41.11"
"7364","2016","37","0.00130","0.00130","0.50","98015","127","97952","3935245","40.15"
"7365","2016","38","0.00110","0.00110","0.50","97888","108","97834","3837293","39.20"
"7366","2016","39","0.00114","0.00114","0.50","97780","111","97725","3739459","38.24"
"7367","2016","40","0.00151","0.00151","0.50","97669","148","97595","3641734","37.29"
"7368","2016","41","0.00156","0.00156","0.50","97521","152","97445","3544139","36.34"
"7369","2016","42","0.00172","0.00172","0.50","97369","168","97285","3446693","35.40"
"7370","2016","43","0.00187","0.00187","0.50","97201","182","97111","3349408","34.46"
"7371","2016","44","0.00226","0.00225","0.50","97020","219","96911","3252297","33.52"
"7372","2016","45","0.00256","0.00256","0.50","96801","248","96677","3155387","32.60"
"7373","2016","46","0.00272","0.00271","0.50","96554","262","96423","3058709","31.68"
"7374","2016","47","0.00310","0.00310","0.50","96292","298","96143","2962287","30.76"
"7375","2016","48","0.00354","0.00353","0.50","95994","339","95824","2866144","29.86"
"7376","2016","49","0.00408","0.00407","0.50","95655","389","95460","2770320","28.96"
"7377","2016","50","0.00436","0.00435","0.50","95266","415","95059","2674859","28.08"
"7378","2016","51","0.00447","0.00446","0.50","94851","423","94640","2579801","27.20"
"7379","2016","52","0.00533","0.00532","0.50","94428","502","94177","2485161","26.32"
"7380","2016","53","0.00562","0.00561","0.50","93926","527","93663","2390984","25.46"
"7381","2016","54","0.00587","0.00586","0.50","93400","547","93126","2297321","24.60"
"7382","2016","55","0.00739","0.00736","0.50","92853","683","92511","2204195","23.74"
"7383","2016","56","0.00795","0.00792","0.50","92169","730","91804","2111685","22.91"
"7384","2016","57","0.00841","0.00837","0.50","91439","765","91057","2019880","22.09"
"7385","2016","58","0.01074","0.01069","0.50","90674","969","90189","1928824","21.27"
"7386","2016","59","0.01143","0.01136","0.50","89705","1019","89195","1838634","20.50"
"7387","2016","60","0.01182","0.01175","0.50","88686","1042","88165","1749439","19.73"
"7388","2016","61","0.01417","0.01407","0.50","87643","1233","87027","1661275","18.95"
"7389","2016","62","0.01514","0.01503","0.50","86410","1299","85761","1574248","18.22"
"7390","2016","63","0.01763","0.01747","0.50","85111","1487","84368","1488487","17.49"
"7391","2016","64","0.01787","0.01771","0.50","83624","1481","82884","1404120","16.79"
"7392","2016","65","0.02135","0.02112","0.50","82143","1735","81276","1321236","16.08"
"7393","2016","66","0.02123","0.02101","0.50","80408","1689","79564","1239960","15.42"
"7394","2016","67","0.02383","0.02355","0.50","78719","1854","77792","1160397","14.74"
"7395","2016","68","0.02652","0.02617","0.50","76865","2011","75860","1082604","14.08"
"7396","2016","69","0.02824","0.02785","0.50","74854","2085","73812","1006745","13.45"
"7397","2016","70","0.03253","0.03201","0.50","72769","2329","71605","932933","12.82"
"7398","2016","71","0.03398","0.03341","0.50","70440","2353","69263","861329","12.23"
"7399","2016","72","0.03640","0.03575","0.50","68087","2434","66870","792065","11.63"
"7400","2016","73","0.04019","0.03940","0.50","65653","2587","64359","725196","11.05"
"7401","2016","74","0.04280","0.04191","0.50","63066","2643","61744","660836","10.48"
"7402","2016","75","0.04458","0.04361","0.50","60423","2635","59106","599092","9.91"
"7403","2016","76","0.05148","0.05019","0.50","57788","2900","56338","539986","9.34"
"7404","2016","77","0.05649","0.05494","0.50","54888","3015","53380","483648","8.81"
"7405","2016","78","0.06497","0.06293","0.50","51873","3264","50241","430268","8.29"
"7406","2016","79","0.06577","0.06368","0.50","48608","3095","47061","380028","7.82"
"7407","2016","80","0.07590","0.07312","0.50","45513","3328","43849","332967","7.32"
"7408","2016","81","0.07741","0.07452","0.50","42185","3144","40613","289118","6.85"
"7409","2016","82","0.09292","0.08879","0.50","39041","3467","37308","248504","6.37"
"7410","2016","83","0.10106","0.09620","0.50","35575","3422","33864","211196","5.94"
"7411","2016","84","0.11304","0.10699","0.50","32153","3440","30433","177332","5.52"
"7412","2016","85","0.12915","0.12132","0.50","28713","3483","26971","146900","5.12"
"7413","2016","86","0.14105","0.13176","0.50","25229","3324","23567","119929","4.75"
"7414","2016","87","0.16325","0.15093","0.50","21905","3306","20252","96362","4.40"
"7415","2016","88","0.18085","0.16585","0.50","18599","3085","17057","76110","4.09"
"7416","2016","89","0.19275","0.17581","0.50","15514","2727","14150","59053","3.81"
"7417","2016","90","0.22096","0.19897","0.50","12787","2544","11515","44903","3.51"
"7418","2016","91","0.24921","0.22160","0.50","10243","2270","9108","33388","3.26"
"7419","2016","92","0.27828","0.24429","0.50","7973","1948","6999","24280","3.05"
"7420","2016","93","0.29138","0.25433","0.50","6025","1532","5259","17281","2.87"
"7421","2016","94","0.31317","0.27077","0.50","4493","1217","3885","12022","2.68"
"7422","2016","95","0.35023","0.29804","0.50","3276","976","2788","8138","2.48"
"7423","2016","96","0.38019","0.31946","0.50","2300","735","1932","5350","2.33"
"7424","2016","97","0.41109","0.34100","0.50","1565","534","1298","3417","2.18"
"7425","2016","98","0.44272","0.36248","0.50","1031","374","844","2119","2.05"
"7426","2016","99","0.47481","0.38371","0.50","658","252","531","1275","1.94"
"7427","2016","100","0.50711","0.40454","0.50","405","164","323","743","1.83"
"7428","2016","101","0.53936","0.42480","0.50","241","103","190","420","1.74"
"7429","2016","102","0.57127","0.44435","0.50","139","62","108","230","1.66"
"7430","2016","103","0.60261","0.46308","0.50","77","36","59","122","1.58"
"7431","2016","104","0.63313","0.48089","0.50","41","20","31","63","1.52"
"7432","2016","105","0.66261","0.49771","0.50","21","11","16","31","1.46"
"7433","2016","106","0.69088","0.51350","0.50","11","6","8","15","1.40"
"7434","2016","107","0.71779","0.52822","0.50","5","3","4","7","1.36"
"7435","2016","108","0.74323","0.54187","0.50","2","1","2","3","1.32"
"7436","2016","109","0.76712","0.55446","0.50","1","1","1","1","1.29"
"7437","2016","110+","0.78942","1.00000","1.27","1","1","1","1","1.27"
